68001	0.0261387605601598
68002	-0.00196255482525013
68003	-0.0223226058356714
68004	-0.0113887658693895
68005	0.0207050989216433
68006	0.028552782026056
68007	-0.000837799235416486
68008	-0.00960069043438135
68009	0.00282437509096911
68010	0.0426515468221667
68011	0.0320338962014258
68012	0.00633408842695228
68013	-0.00536831237778732
68014	0.0168060865110178
68015	0.0348806910232931
68016	0.0140761160852678
68017	0.00661889396834711
68018	0.00808067636435929
68019	0.0175625327163271
68020	0.0271939330807461
68021	0.00878164018084424
68022	0.0123271504587405
68023	-0.00229274219947838
68024	-0.00234146122520669
68025	0.0186725708695372
68026	-0.00250472033552533
68027	-0.0128375934364346
68028	0.000345363327625164
68029	0.0160930913375342
68030	0.0301433651482168
68031	-0.00695306985988451
68032	-0.0343872970135318
68033	-0.0116997459628049
68034	0.0254156641151119
68035	0.0211453617729113
68036	-0.0281040969217794
68037	-0.028585178880372
68038	-0.000980427124005007
68039	0.0208255712896183
68040	-0.00503077413183962
68041	-0.0345945422942527
68042	-0.0354213034578424
68043	-0.0189601778738524
68044	0.00212433515924669
68045	-0.0129210821069507
68046	-0.0464302990656652
68047	-0.0277594369046141
68048	-0.00858459129285098
68049	-0.0198372941034232
68050	-0.0265761061892956
68051	-0.0257653931345237
68052	-0.0122641420951613
68053	-0.0189796468904616
68054	-0.0144239112098037
68055	-0.0135545437845051
68056	-0.0219125665918135
68057	0.00253653456322202
68058	-0.00104504286527941
68059	0.00248365664891707
68060	-0.00606488418434344
68061	-0.00224176169029632
68062	0.00749668834131037
68063	0.00907457324213888
68064	0.00984414838668421
68065	-0.0074083905188719
68066	0.00972038975256491
68067	0.0200738917395619
68068	-0.00101877167625626
68069	0.00145233071654303
68070	-0.00300054213174886
68071	-0.0193632144903005
68072	0.0126076974446882
68073	0.0172308794418759
68074	-0.000959238781013005
68075	-0.0169918293467322
68076	-0.0221703320779492
68077	-0.00176979894382206
68078	0.00886605305622258
68079	-0.00332876435060374
68080	-0.0202972100587506
68081	-0.0105192839393305
68082	-0.00267321045856343
68083	0.00639317553206939
68084	0.000242238828656302
68085	-0.0119055407250353
68086	-0.00826187824259091
68087	-0.0018113461565319
68088	0.0212031241780962
68089	0.0172317309644216
68090	-0.0159293393918286
68091	-0.0103613625065041
68092	0.0125966390451844
68093	0.0267260711262628
68094	0.0233500598265722
68095	0.000932380721007764
68096	-0.010472800123722
68097	0.00521896841270138
68098	0.0243625960032746
68099	0.0185850560524694
68100	0.0182451760591203
68101	0.0184039287088145
68102	-0.00804234707754938
68103	-0.00657802293662289
68104	0.0210307296669127
68105	0.0329048564910769
68106	0.0163395104094614
68107	-0.00547523993108655
68108	-0.00344873956128878
68109	0.0275088841003372
68110	0.018870351749646
68111	0.020951517916663
68112	0.00748899383396907
68113	0.000565613953569619
68114	0.0206683798843287
68115	0.0296129115127016
68116	0.0267149348328953
68117	0.00567763188885959
68118	-0.0050921952876132
68119	0.00378254557676376
68120	0.0235989967494755
68121	0.024296361311019
68122	-0.0033518321236458
68123	-0.002131985738507
68124	0.000152193833981559
68125	-0.00457992372611907
68126	0.00666153842015429
68127	0.00202776385035165
68128	-0.0163164101660501
68129	-0.017958882622545
68130	-0.00402690372732208
68131	0.0104279752431714
68132	-0.0109756595006915
68133	-0.041234613486533
68134	-0.00955446322236386
68135	-0.00181285439748491
68136	-0.00297782539843408
68137	-0.00989267623030288
68138	-0.0182198306902442
68139	-0.026163083361163
68140	0.00123193098069162
68141	-0.0082673085274402
68142	-0.00467526172701737
68143	-0.0107464616177417
68144	-0.0115908082664407
68145	-0.0111819538378356
68146	-0.0182834592727685
68147	0.00189703036947479
68148	-0.0133135140330782
68149	-0.00605196600091771
68150	-0.0049479126449375
68151	-0.0181036305867815
68152	0.00105335219536044
68153	-0.00879960305954582
68154	-0.0239201921641665
68155	-0.000786220168135648
68156	-0.0113409677212304
68157	-0.0307089645977607
68158	-0.000188527251967024
68159	0.0175198102860062
68160	-0.0150020700607507
68161	-0.0259431909269818
68162	-0.0095980580564818
68163	-0.000265850069229502
68164	-0.00202729546977048
68165	0.0051902300098133
68166	-0.0173096643631987
68167	-0.0133904845359927
68168	0.00353732181262504
68169	0.00795617435846099
68170	0.00862971808818282
68171	-0.0197960375648915
68172	-0.0111012094741018
68173	0.0146531235793009
68174	0.0258439181370745
68175	-0.00990999359503014
68176	-0.038783759791957
68177	-0.000532592666074753
68178	0.0427947874561742
68179	0.0078945630726189
68180	-0.00529121848531284
68181	-0.0213553781525053
68182	0.000610078074718088
68183	0.0383069913537458
68184	0.00690403645922123
68185	-0.0284335415712837
68186	0.00243173436521656
68187	0.023560469609309
68188	0.0327171048176494
68189	0.00149764594683707
68190	-0.0152693414827461
68191	0.00389167009055114
68192	0.0296189482238487
68193	0.023054186177481
68194	0.00870582382182223
68195	0.0049691207812423
68196	0.0177256653699913
68197	0.0123394508268288
68198	-0.00247130429772348
68199	0.0290542230869732
68200	0.043762922427805
68201	0.00406094195217229
68202	-0.00267083411330453
68203	0.0167948001415898
68204	0.00700443609916035
68205	0.0291383686436232
68206	0.0127946018245449
68207	-0.0047208647426741
68208	0.010901396282851
68209	0.0227393769988546
68210	0.00326865158220266
68211	-0.0116957228061708
68212	0.00572710492779605
68213	0.0106753075805665
68214	0.0143817123683313
68215	-0.0026929508418284
68216	-0.01370250849653
68217	0.0126460205082983
68218	-0.0111676688283691
68219	-0.0203653639055021
68220	0.00596560964700702
68221	0.0191683865944195
68222	-0.00399232055188096
68223	-0.0358579390352148
68224	-0.0230593038913695
68225	0.0199787966606003
68226	0.0130417355828111
68227	-0.0212163411629654
68228	-0.0214899441240327
68229	-0.0181905186171802
68230	-0.00440353031997771
68231	-0.000649696760430607
68232	0.00065270865364124
68233	-0.0157284174034901
68234	-0.0250200042761092
68235	-0.0132810956989168
68236	-0.00163249738803516
68237	0.00357006363805419
68238	-0.0137776439343752
68239	-0.0380899473254033
68240	-0.0272236866822029
68241	0.0150272517099944
68242	0.0303094100225001
68243	-0.0288611066648037
68244	-0.0421572622410229
68245	-0.0163838699307669
68246	0.0200745841636041
68247	0.00991198121631751
68248	-0.019917562780069
68249	-0.0191688548120245
68250	-0.00372126112667029
68251	-0.00893756675780476
68252	0.00692280463525887
68253	-0.00631127448022652
68254	-0.00252674167759581
68255	-0.000600197011726686
68256	0.00826694297576494
68257	-0.0040175361321611
68258	-0.0271563095487608
68259	-0.0047330855192711
68260	0.020380402531066
68261	0.00961230127710153
68262	-0.00955119023216078
68263	-0.0155452020862232
68264	0.0100811558252488
68265	0.00649822393988327
68266	0.000114519174911374
68267	-0.00381178915769587
68268	0.00195326950866481
68269	-0.0023835338887016
68270	0.0113168747560985
68271	-0.00780242084014714
68272	0.00404350817668294
68273	0.00181209990583089
68274	0.0151037009412574
68275	0.0196673280284467
68276	-0.00289958641634979
68277	-0.0120176447589762
68278	0.0176398373840889
68279	0.0384980855469514
68280	0.00963172504340393
68281	-0.0228060360763393
68282	0.00448898385224825
68283	0.0108946669747625
68284	0.0313746631985261
68285	0.023405949653088
68286	0.00315587762541274
68287	-0.00194053131613944
68288	0.00280524432658342
68289	0.00965869153838306
68290	0.0345127942852432
68291	0.0154166416224676
68292	-0.0112017063265415
68293	-0.00494648868842489
68294	0.00812183510057275
68295	0.0220857071363848
68296	0.0259204814961611
68297	-0.0120300465871219
68298	-0.027955658014183
68299	0.00710019805025692
68300	0.0347714265785434
68301	0.0077340813881148
68302	-0.016251935597892
68303	-0.0128172726517961
68304	0.00194473078825209
68305	0.0178622770834138
68306	0.00352583623170192
68307	-0.0100907610281011
68308	-0.0111358192681259
68309	0.000735188940214071
68310	0.00569399166283943
68311	0.0011387892112592
68312	0.00234827701953312
68313	-0.0063442270168134
68314	-0.014574844235786
68315	-0.0106497137624399
68316	0.00368467158818441
68317	0.00933662973551819
68318	-0.00923401434970039
68319	-0.0114947822338224
68320	-0.0238637648953861
68321	-0.00269121897055269
68322	0.024521652149141
68323	-0.00852946286357197
68324	-0.0321617828024725
68325	-0.00115236789504761
68326	-0.0161053192083262
68327	0.00145244097914462
68328	-0.000719376866110268
68329	-0.00126374921592497
68330	-0.00558184154262755
68331	-0.0201887981125748
68332	-0.0275660126131979
68333	0.00849606645587166
68334	0.00471643055699589
68335	-0.0118100278308345
68336	-0.0122000707666867
68337	-0.00504796428365031
68338	0.00670017412918699
68339	-0.000915110804780947
68340	-0.0231235826108924
68341	0.00204456575884736
68342	0.0193669229485226
68343	0.00476511853825172
68344	-0.0236545273746178
68345	-0.00997112302809621
68346	0.00469991428231942
68347	0.00976835997040205
68348	-0.00195555779206951
68349	-0.00634972119628669
68350	-0.0171257593736463
68351	0.00377323104880803
68352	0.0155115558968001
68353	-0.00191116089837325
68354	-0.00574774355459034
68355	-0.0180065341279938
68356	-0.0103964850536231
68357	0.017500343721325
68358	0.0257404480102395
68359	0.00828873742928428
68360	-0.0196501915726948
68361	0.00485793099737525
68362	0.00827241917384154
68363	0.0320224482110768
68364	0.0299650656123897
68365	-0.00989109069758554
68366	-0.0173711272960887
68367	-0.010020095198286
68368	0.014330185226541
68369	0.0308593006955346
68370	0.0104141041902224
68371	-0.0207169526658408
68372	-0.00760857054281158
68373	0.00624766772579517
68374	0.0226747003197083
68375	0.0113497279263118
68376	-0.019392890918804
68377	-0.020201937918485
68378	0.00130559150899103
68379	0.0173695709116483
68380	0.0142223499063616
68381	-0.00349962789144783
68382	0.00448015652152638
68383	-0.0150672047644924
68384	-0.00389894022654837
68385	0.0189902905736528
68386	0.0250234599447953
68387	-0.0112208519414892
68388	-0.0418496314382824
68389	-0.0111076854345328
68390	0.0358025600388591
68391	0.0321701932788974
68392	0.00400569134870172
68393	-0.0357409073900547
68394	-0.0163616968115041
68395	0.0277501676605295
68396	0.0349327632976051
68397	-0.00505171929429135
68398	-0.0235996196288595
68399	-0.0189377580359761
68400	0.0246770564036011
68401	0.0150872123119793
68402	-0.00773238682957138
68403	-0.0196778971121149
68404	-0.00231140139493909
68405	-0.00454738696063018
68406	0.0031862351024729
68407	-0.00342475815866376
68408	-0.00676471754667652
68409	-0.00936619155882772
68410	0.0110952950756658
68411	0.00687631342984998
68412	-0.000565638953286374
68413	-0.00628667453478955
68414	-0.0125304064401481
68415	-0.00503460180441268
68416	0.00528447329495442
68417	0.0297360511830359
68418	0.00175111400369918
68419	-0.0256809914320706
68420	-0.00229439191232491
68421	0.0260992784232061
68422	0.024802182094887
68423	0.00129252551175047
68424	-0.0171970063255379
68425	-0.0121744485534527
68426	0.00922918827341569
68427	0.00766869209845028
68428	0.00399602976644119
68429	-0.0049789910696893
68430	-0.00147959329482503
68431	0.000656117277812725
68432	0.0093139218295027
68433	0.00933284455716591
68434	-0.00897003563466488
68435	-0.00997355425302787
68436	-0.00781111010203298
68437	0.00013668471935272
68438	0.0227926258755586
68439	0.0130662362059784
68440	-0.00227669595018026
68441	-0.00580322294140755
68442	0.0145485419363026
68443	0.0196984851643945
68444	0.02093152571117
68445	-0.0150939785714052
68446	-0.0316720128153544
68447	-0.00868280051547835
68448	0.00046012481395331
68449	0.015168650358761
68450	0.00443226722460235
68451	-0.0270761549700114
68452	-0.0235244020795078
68453	-0.00339001723176544
68454	-0.00164494978200777
68455	-0.0194713855943739
68456	-0.0465935363565298
68457	-0.0139647627208458
68458	0.00117266634264797
68459	0.00613646380680152
68460	-0.00978420309655174
68461	-0.0294164400578063
68462	-0.0213686050299935
68463	-0.0028275269278682
68464	0.0114226904322211
68465	0.015418793198551
68466	-0.011612405995143
68467	-0.0420385229695336
68468	-0.027013382215896
68469	-0.00314583057496908
68470	0.0157742019140288
68471	0.0309364821697251
68472	0.00838948198959817
68473	-0.0149637885581499
68474	-0.00524283434981135
68475	0.00879724205780914
68476	-0.00403685604977593
68477	-0.00290289030790543
68478	-0.00226668589604588
68479	0.0138081694982635
68480	0.0186838278003668
68481	-0.0246852977130343
68482	0.000589044748014904
68483	0.0123424489005239
68484	0.00132653968516339
68485	-0.00478710469770192
68486	0.00709560971073852
68487	0.00692706262213664
68488	-0.0183784053661244
68489	-0.0163498104562512
68490	0.0192177675567235
68491	0.0386136824386579
68492	0.0125135814200637
68493	0.00133316221102022
68494	0.0180070041302393
68495	0.0285516778754604
68496	0.0338080352243404
68497	0.021653025229349
68498	0.0107177397896305
68499	0.0173555567562338
68500	0.0331848763335107
68501	0.0385450080804809
68502	0.0374374673433576
68503	0.0203005014015251
68504	0.00530158072342357
68505	0.00713371682471932
68506	0.0232132169544418
68507	0.0260739420684502
68508	0.00566435805180566
68509	-0.0138520155119344
68510	-0.00597845775585282
68511	0.0200021408493293
68512	0.0136363479495818
68513	-0.00690102754526121
68514	-9.4576630194694e-05
68515	-0.00324819341134358
68516	-0.00499407674872
68517	0.0174320679033112
68518	0.00385225995893482
68519	-0.0085596519541647
68520	-0.00335432932363763
68521	0.00801859996845
68522	0.00394934458043044
68523	-0.0209189225161414
68524	-0.0137259134216972
68525	-0.027128558523816
68526	-0.0247593833611727
68527	-0.0180404382532297
68528	-0.0156696376617492
68529	-0.00794223839428151
68530	-0.0201443319285702
68531	-0.0372632973874844
68532	-0.0529146816015827
68533	-0.0285719463675708
68534	-0.0290005385768697
68535	-0.0387537125586068
68536	-0.0328765007747167
68537	-0.0216461900517412
68538	-0.0193441857087611
68539	-0.0324942438941366
68540	-0.0270316184995554
68541	-0.0284115565993644
68542	-0.0144026382462004
68543	-0.00603768720264364
68544	0.00355535275212026
68545	-0.00676413163033178
68546	-0.0366492811856823
68547	-0.0419295758823227
68548	-0.0276113164297898
68549	0.0134325381589729
68550	0.0224628376066832
68551	-0.00449988448389608
68552	-0.00996821610816821
68553	0.00843592212133772
68554	0.0129130941945961
68555	0.00495889476856819
68556	-0.0105976552937434
68557	-0.0270488005173654
68558	-0.0164437294390049
68559	0.0264722736508795
68560	0.0360410787627779
68561	0.00650939250378567
68562	-0.0305288616651666
68563	-0.0189564208874363
68564	0.0114331335516755
68565	0.0296214757609315
68566	0.0154324154010186
68567	-0.0108601945578472
68568	-0.0100923604644345
68569	0.00176794772326805
68570	0.0163616370499378
68571	0.0395029729840707
68572	0.0376289835835004
68573	0.0426982599579111
68574	0.0443209877367987
68575	0.030183340981316
68576	0.038377208571494
68577	0.0475818239749804
68578	0.0298063592730409
68579	0.0374645344420966
68580	0.0548842035091915
68581	0.0654464492768436
68582	0.0610663475993194
68583	0.038071896606077
68584	0.0314316319197209
68585	0.035228178634117
68586	0.0303921018750065
68587	0.0304938952039676
68588	0.0168289538273441
68589	-0.00107872727137179
68590	-0.00511513645581429
68591	0.017148417887093
68592	0.0241595232729831
68593	0.0325278100745644
68594	0.0207047285917243
68595	0.00340956182559733
68596	0.00103591501468188
68597	-0.0132587926625577
68598	-0.00651088475109385
68599	0.0224236573112542
68600	0.00505699785020605
68601	-0.0063563690499138
68602	-0.0327802511379025
68603	-0.0343023715090903
68604	-0.0269359074014207
68605	-0.0290647173476276
68606	-0.021571183743976
68607	-0.0177775832241551
68608	-0.0398086458198464
68609	-0.0646728229551051
68610	-0.0645682382191338
68611	-0.0516091512224518
68612	-0.0437854268640316
68613	-0.0419231675689976
68614	-0.0490067615047489
68615	-0.047353917039349
68616	-0.0451752192822258
68617	-0.037857099293247
68618	-0.0435873616626028
68619	-0.046692089662707
68620	-0.0357730723422399
68621	-0.0192979428271208
68622	-0.0120826427769766
68623	-0.021577212157642
68624	-0.0366608377614465
68625	-0.0423994368218944
68626	-0.0264423313713454
68627	-0.0143151065947877
68628	-0.0240089229623172
68629	-0.0123444813723052
68630	0.00216902000799437
68631	0.0172569650973349
68632	0.00599132286268913
68633	-0.00999547480103133
68634	-0.0214507525103559
68635	-0.0244851211113062
68636	0.00234695107000922
68637	0.00237472700899535
68638	0.00748508004705595
68639	-0.000998004156113431
68640	0.00205553813668653
68641	0.000476796987904017
68642	0.00146163866991164
68643	-0.00317749638565732
68644	-0.00303885873139462
68645	0.00676832900714782
68646	-0.00951514584171746
68647	0.0033948453441454
68648	0.02206471071148
68649	0.031405940565035
68650	0.0331098389040345
68651	0.0385799274861973
68652	0.050913970596785
68653	0.0497127817089266
68654	0.0617469222489673
68655	0.049218331638876
68656	0.0240768744768502
68657	0.0496636933509789
68658	0.0826151709464258
68659	0.0657108890968784
68660	0.0699660018718786
68661	0.0691572335871084
68662	0.0519540412301709
68663	0.0609815710809181
68664	0.0591890279331907
68665	0.0487932539697546
68666	0.0404655139116361
68667	0.0122703412236731
68668	0.00938881958068883
68669	0.0366519272436392
68670	0.0523234588369884
68671	0.0265543779807029
68672	0.0229819612447184
68673	0.0313610788365421
68674	0.0283949364677268
68675	0.0277528291954013
68676	0.0166827112537797
68677	0.00100343378079644
68678	-0.0147601120428749
68679	-0.0265046994099018
68680	-0.0296303790977055
68681	-0.0294163407133204
68682	-0.0305336367367127
68683	-0.0353835654536222
68684	-0.0349269159366621
68685	-0.0273863760739073
68686	-0.0429856169539242
68687	-0.0595657864555123
68688	-0.0889111245010003
68689	-0.0775564200827647
68690	-0.0692841192567317
68691	-0.056083566760458
68692	-0.0495536239371811
68693	-0.0547851369519084
68694	-0.0474472654389663
68695	-0.042981779705007
68696	-0.0506221134628346
68697	-0.046455668571851
68698	-0.0338992935015819
68699	-0.0383336071239067
68700	-0.0393572758141518
68701	-0.0226214736255084
68702	-0.0292127824832434
68703	-0.0518782845790364
68704	-0.0339802072080804
68705	-0.0357524278581987
68706	-0.0300461377595521
68707	-0.00714078073868975
68708	-0.00114936118721319
68709	0.000736862879243044
68710	-0.00586307297555674
68711	-0.0336563391495203
68712	-0.0270304164489462
68713	-0.0114528139059019
68714	-0.0249535990774288
68715	-0.0162575264744641
68716	-0.017141502577974
68717	-0.0123003241669685
68718	-0.0104543134135453
68719	0.00212956563133253
68720	-0.00773050507016761
68721	-0.0093003023606494
68722	-0.00909669127582013
68723	-0.000737361473372083
68724	0.00198981489398492
68725	0.0106739729107298
68726	0.0143016998460347
68727	0.0368180269785177
68728	0.0413803261270867
68729	0.0610822413969248
68730	0.0556434650320986
68731	0.0755332593169269
68732	0.0537097528029171
68733	0.0622149188035001
68734	0.070568790547507
68735	0.0757946104722716
68736	0.067673806195738
68737	0.0691994207765847
68738	0.0741517240122959
68739	0.0802348551847859
68740	0.0855267096294415
68741	0.0799797815032939
68742	0.0565785330930339
68743	0.0497075257319351
68744	0.0542192655659796
68745	0.0472454329719488
68746	0.0271579186215869
68747	0.0233929197418788
68748	0.0331848451263444
68749	0.0513436883782255
68750	0.0528579148559326
68751	0.0487050816492208
68752	0.040773598788799
68753	0.0217927537271599
68754	0.0189666399199011
68755	-0.00236884644638628
68756	-0.0229366577898898
68757	-0.0446797671913308
68758	-0.0598784844356426
68759	-0.0483998361862439
68760	-0.0407542939284483
68761	-0.0248513087369781
68762	-0.0178939421344275
68763	-0.0305373006484374
68764	-0.0586108606647881
68765	-0.0782045001408719
68766	-0.0867829840268675
68767	-0.0954200630373487
68768	-0.0919826206691525
68769	-0.0700033525963679
68770	-0.0631852606668206
68771	-0.0422478652066301
68772	-0.025196656292304
68773	-0.0343895958325979
68774	-0.0439180230338372
68775	-0.0428333327409659
68776	-0.0409999990001247
68777	-0.0393918161927369
68778	-0.0454555579015377
68779	-0.0643375226674878
68780	-0.0568103448114352
68781	-0.0287166253802351
68782	-0.012562365105748
68783	-0.0126041700667764
68784	-0.0136199116753241
68785	-0.0106343141147637
68786	0.00114797033617974
68787	-0.000748483223088139
68788	-0.0205727878086549
68789	-0.0396368373507578
68790	-0.0232298520818916
68791	-0.0294628496016761
68792	-0.0298123706215111
68793	-0.0272622101293417
68794	-0.00910173628000739
68795	-0.0154617559684617
68796	0.000397813914984634
68797	-0.0110072606366321
68798	-0.015658842420655
68799	-0.0115036848694965
68800	-0.0118128665058872
68801	0.00340742573709426
68802	0.0187911106811954
68803	0.0228748783271944
68804	0.0436056419140307
68805	0.046724872763994
68806	0.0537762008628679
68807	0.0589235667511512
68808	0.067869688933683
68809	0.0626622337683685
68810	0.065476010825259
68811	0.0678377510108245
68812	0.0763746138132638
68813	0.0730385626769057
68814	0.0586847381107309
68815	0.0595203210891798
68816	0.0650233963823119
68817	0.0757718937081822
68818	0.0814533676105653
68819	0.0723038436297179
68820	0.0526126550455488
68821	0.0561802411946121
68822	0.0551643427675253
68823	0.0475139485164172
68824	0.0471074913731896
68825	0.0466388596906592
68826	0.0545004592943014
68827	0.058827084175991
68828	0.0623872226726032
68829	0.0633439891859238
68830	0.0586860717880202
68831	0.0296767559634899
68832	-0.0115715414015128
68833	-0.0326381168863871
68834	-0.0379282591292155
68835	-0.0376026633851239
68836	-0.0438476905908302
68837	-0.0547643797031542
68838	-0.0529790946994402
68839	-0.039981460501079
68840	-0.0340434653992649
68841	-0.0611934804018859
68842	-0.0858831420337727
68843	-0.0920033756963221
68844	-0.0960360907057943
68845	-0.0976198713226642
68846	-0.0962587531601928
68847	-0.0786205274045845
68848	-0.0581976911049665
68849	-0.053564790301141
68850	-0.046505881657239
68851	-0.0379482415758698
68852	-0.0417246845663333
68853	-0.0372429699630676
68854	-0.043674355987355
68855	-0.043830350805142
68856	-0.0557600707013158
68857	-0.0534128846921499
68858	-0.0498387960540821
68859	-0.0311447416704209
68860	-0.0182423276475951
68861	0.00147787393844814
68862	0.0203390734862829
68863	0.0186932255287854
68864	0.00769992441194996
68865	-0.00468880761221614
68866	-0.0230240512526581
68867	-0.0371047496753823
68868	-0.044373569393397
68869	-0.0463197433654657
68870	-0.0334253995956331
68871	-0.0189953987561608
68872	-0.0121488232848996
68873	-0.00701266862253748
68874	-0.000834135062503925
68875	0.00158552571096898
68876	0.00669166125927202
68877	0.00894046729165897
68878	0.00807235877633185
68879	0.0121328078783444
68880	0.0231497733094708
68881	0.0335013843579989
68882	0.0575529464046019
68883	0.0800850865224507
68884	0.0834715195938086
68885	0.0810685132149148
68886	0.0731158359508551
68887	0.0704442242471548
68888	0.0721601378635157
68889	0.0638698488256727
68890	0.0561818192137201
68891	0.0529292992741906
68892	0.0560052196705268
68893	0.0627028125252683
68894	0.0690071654624443
68895	0.0786548566517869
68896	0.0670171090282587
68897	0.057908425663039
68898	0.0510285844442381
68899	0.0461388208540046
68900	0.0384525779591664
68901	0.0459955723013163
68902	0.0529248709899786
68903	0.0620653482517735
68904	0.0686530133821626
68905	0.0598148507460055
68906	0.0477076222520226
68907	0.0386663535423854
68908	0.0213014204142514
68909	-0.00749881833356346
68910	-0.0322176632667345
68911	-0.0463557970477114
68912	-0.0481413128346808
68913	-0.0367955012795411
68914	-0.033744118344174
68915	-0.0340975863212096
68916	-0.0419278893334955
68917	-0.0607116689873589
68918	-0.077966248937012
68919	-0.0881681640558324
68920	-0.0902470067739715
68921	-0.0891095712992229
68922	-0.0927154615256612
68923	-0.0842028078012877
68924	-0.0717397626971742
68925	-0.0631986000247955
68926	-0.0537460880642085
68927	-0.0505383169484631
68928	-0.0569233154167509
68929	-0.0626747697703597
68930	-0.0628437063870213
68931	-0.0665255237069715
68932	-0.0602214316493413
68933	-0.0562656461394506
68934	-0.0489040125401527
68935	-0.0411860486120176
68936	-0.0364922092950878
68937	-0.0263466102456278
68938	-0.0123394404598756
68939	0.00202799128599759
68940	0.0115155224511285
68941	0.0120452920862742
68942	0.00154093621312339
68943	-0.0180423216024993
68944	-0.0304840518714342
68945	-0.0405423593646016
68946	-0.0445726867109947
68947	-0.0381429216348019
68948	-0.0199540065961743
68949	-0.00897036639853879
68950	0.00848439600081377
68951	0.0217053485163828
68952	0.0348934382324965
68953	0.0401531525895609
68954	0.036241311076357
68955	0.0260228721881648
68956	0.0189682036398138
68957	0.0267399385377688
68958	0.0412580890386132
68959	0.0555957412902696
68960	0.0706255115676145
68961	0.0812048274306311
68962	0.090163472577975
68963	0.090138901232013
68964	0.0861695710957749
68965	0.0738833423719652
68966	0.0568790409282891
68967	0.050582583950157
68968	0.0435790025550999
68969	0.0435187472094715
68970	0.0501633182616484
68971	0.0627716349423802
68972	0.0719639663065656
68973	0.0765292194531195
68974	0.0773468743760672
68975	0.068141385330765
68976	0.052883938226987
68977	0.0412135948789936
68978	0.0453980721367698
68979	0.0552931892753222
68980	0.060404146812499
68981	0.054696982758459
68982	0.0418105350867408
68983	0.0287704878453491
68984	0.017517727222329
68985	0.00432850230199693
68986	-0.00946360906719577
68987	-0.0242402986996311
68988	-0.03926420936453
68989	-0.0464342453713507
68990	-0.0484790554636642
68991	-0.0500809170502427
68992	-0.0497778052336904
68993	-0.0576759053166182
68994	-0.066241678460902
68995	-0.0797995506678799
68996	-0.086756844168894
68997	-0.0874781451763821
68998	-0.0864391763955195
68999	-0.075851677970481
69000	-0.0699612411314587
69001	-0.066355784781678
69002	-0.0741427656039054
69003	-0.0714970790374432
69004	-0.0674287886171112
69005	-0.0700685997625999
69006	-0.0734140442839564
69007	-0.0708936182152501
69008	-0.071377487761316
69009	-0.0658382361055241
69010	-0.0569967909144227
69011	-0.044473196044659
69012	-0.0387904486302323
69013	-0.0357583655587507
69014	-0.0361828723415132
69015	-0.0274531964771359
69016	-0.0177595774993533
69017	-0.00988281494181081
69018	-0.00433688991906644
69019	-0.0092165419382432
69020	-0.0157591242219385
69021	-0.0171866039338862
69022	-0.0261587019702469
69023	-0.0265801637714703
69024	-0.0150056083417014
69025	0.00461578963878344
69026	0.0259922411232956
69027	0.0421076832823167
69028	0.049091047476252
69029	0.0552466017757348
69030	0.06011199611048
69031	0.0594904325008776
69032	0.0552740416251154
69033	0.048433455649182
69034	0.045483029332021
69035	0.0408712197069107
69036	0.0453146713733738
69037	0.0575947038922629
69038	0.0681588079572578
69039	0.0736748580801843
69040	0.0716995008128607
69041	0.0674690880750279
69042	0.062616018306823
69043	0.0603177881070321
69044	0.0577423098562398
69045	0.0566276886655739
69046	0.0558971804689306
69047	0.0579208986567856
69048	0.0595368701280711
69049	0.061188666478126
69050	0.0649915290364382
69051	0.0694590848586118
69052	0.0693396569680859
69053	0.068248807174243
69054	0.059200519118953
69055	0.0491397359892762
69056	0.0408655495692551
69057	0.033078176221579
69058	0.0278547513623451
69059	0.017417341197596
69060	0.00650902765204863
69061	-0.000522732684923373
69062	-0.00583816892079507
69063	-0.0149615692578206
69064	-0.0217285830898142
69065	-0.0308659524065045
69066	-0.0469684961711881
69067	-0.0574967663253642
69068	-0.0649308017507606
69069	-0.0656852820861528
69070	-0.0626690885764447
69071	-0.0625178778704324
69072	-0.0670956629838669
69073	-0.068009504530836
69074	-0.0666513215836232
69075	-0.0682077928141684
69076	-0.0669164252839136
69077	-0.0708513986548096
69078	-0.0728999710068334
69079	-0.0778971632855875
69080	-0.0803259576987214
69081	-0.0833586062185604
69082	-0.0782998895479735
69083	-0.0691782443989471
69084	-0.0574978672855642
69085	-0.0514906890128136
69086	-0.0498532780141217
69087	-0.0494081201133139
69088	-0.0499599872894538
69089	-0.0471552776244585
69090	-0.0471114397677966
69091	-0.0499593778177107
69092	-0.0527892710843041
69093	-0.0492185814784873
69094	-0.0405464907980282
69095	-0.0290538584573484
69096	-0.0192289106401826
69097	-0.0134235864408433
69098	-0.00674388541228954
69099	0.00118680093364189
69100	0.0102636328938322
69101	0.0254639336265841
69102	0.0399582607458438
69103	0.0536200432702463
69104	0.0627773968202681
69105	0.071064087075391
69106	0.0730668935197779
69107	0.0735953923458338
69108	0.0725207909898315
69109	0.0709189244224902
69110	0.0624126606060743
69111	0.0588994086579613
69112	0.0550686103432133
69113	0.0521440510221605
69114	0.0507937715374449
69115	0.0484424206612001
69116	0.0455668256461692
69117	0.0471866266906922
69118	0.0486843496477844
69119	0.0520789868916039
69120	0.0585329201488018
69121	0.0662243952500057
69122	0.070178150885192
69123	0.0741387863555929
69124	0.0702687772190995
69125	0.0644636350993919
69126	0.0610210696412214
69127	0.0608250524466612
69128	0.0579432554548031
69129	0.0536658223624378
69130	0.0443232002799047
69131	0.0394670768557365
69132	0.031320731885044
69133	0.0237840095330101
69134	0.015292194031767
69135	0.00973002357959575
69136	0.00157953071732617
69137	-0.00408241861416142
69138	-0.00979652581921789
69139	-0.017501444439857
69140	-0.0277030647502926
69141	-0.0391373075652205
69142	-0.0452145267739389
69143	-0.0516874353371861
69144	-0.056265144370195
69145	-0.060545755552488
69146	-0.0620176763131048
69147	-0.0623916507015192
69148	-0.0537432849341045
69149	-0.0490569651141725
69150	-0.0506515876841755
69151	-0.0622833775987199
69152	-0.0707864570337338
69153	-0.0762564671399739
69154	-0.0790202101076595
69155	-0.0834425812342297
69156	-0.0860541262654499
69157	-0.0864427992033622
69158	-0.0789075861450682
69159	-0.0667921479458666
69160	-0.0548568531004157
69161	-0.0447840047584435
69162	-0.0383506035859284
69163	-0.0354955011838467
69164	-0.0370689578197635
69165	-0.0432498110467321
69166	-0.0555757375253548
69167	-0.0687539648528234
69168	-0.0782737027390445
69169	-0.0779488733584667
69170	-0.0662797039213925
69171	-0.0484626423626523
69172	-0.025220423711363
69173	-0.00219096719610969
69174	0.0187882178770488
69175	0.0368097223247777
69176	0.0484071254953035
69177	0.0557745849777598
69178	0.0620392273961915
69179	0.0658800609558294
69180	0.0681311677645773
69181	0.0665730659960903
69182	0.0657218278733495
69183	0.063978105045948
69184	0.0654199441777827
69185	0.0674922044985548
69186	0.071442929180055
69187	0.0721274067661496
69188	0.0690784096348302
69189	0.0596266831721154
69190	0.049706926026264
69191	0.0386619810583737
69192	0.0341516073879276
69193	0.0301171980624688
69194	0.0352535076458188
69195	0.0448440689656787
69196	0.0571678533676438
69197	0.0702627458634426
69198	0.0796033122857032
69199	0.0833762873503555
69200	0.0811953770112613
69201	0.0771735786475603
69202	0.0717232649927542
69203	0.0624035784180602
69204	0.0467282116416775
69205	0.0318251911191599
69206	0.0186465905453686
69207	0.00804953590932781
69208	-0.00192165853260066
69209	-0.00633125942507993
69210	-0.00963193914145351
69211	-0.00796349811443684
69212	-0.00443621957884243
69213	-0.00502805870368785
69214	-0.00815369882613205
69215	-0.0147903997825276
69216	-0.0239135175712989
69217	-0.0329519813050887
69218	-0.0431108973753489
69219	-0.0524550727766248
69220	-0.0577725384412672
69221	-0.0597823264318986
69222	-0.0577598685651074
69223	-0.0514793165029391
69224	-0.0461494656130404
69225	-0.0442270709298344
69226	-0.0468253123149633
69227	-0.0519192809702269
69228	-0.0608672164256586
69229	-0.070760335764038
69230	-0.081476571727072
69231	-0.0871204802204086
69232	-0.0878957019799336
69233	-0.0842423427996469
69234	-0.0733802517956642
69235	-0.0614598246018677
69236	-0.0520012164214758
69237	-0.0446464506367214
69238	-0.0393958492392446
69239	-0.0371916748335642
69240	-0.0395042905757137
69241	-0.0470347480581168
69242	-0.0569702474200295
69243	-0.0678110527340662
69244	-0.076613776384431
69245	-0.0809487229684989
69246	-0.0768301982396655
69247	-0.0591399264758067
69248	-0.0289066087961245
69249	0.00706137498780274
69250	0.0418147633725554
69251	0.0692247734026684
69252	0.0899108081105772
69253	0.0988564610009905
69254	0.0976320520549543
69255	0.0878085241591522
69256	0.0737230571651914
69257	0.0577201746014691
69258	0.0464626315879424
69259	0.0400494886859393
69260	0.0401409858376214
69261	0.0464980169485767
69262	0.0574270131751439
69263	0.0663738591727887
69264	0.0718507124394668
69265	0.0715004650483754
69266	0.0640576917945372
69267	0.0512639171222314
69268	0.0388785081296119
69269	0.03349284575617
69270	0.036895240905575
69271	0.0475653016587231
69272	0.0613328175168317
69273	0.0771507987006859
69274	0.0919378053995723
69275	0.102332920633388
69276	0.102409963025942
69277	0.0889352575188391
69278	0.0675600725338914
69279	0.0439233298743442
69280	0.0211031975082788
69281	0.000355006509395822
69282	-0.017063513946106
69283	-0.0272896582497407
69284	-0.0324615154082078
69285	-0.0321269967824516
69286	-0.0286169993722701
69287	-0.0206501027812887
69288	-0.0153046245220036
69289	-0.0134621226609577
69290	-0.014381905120838
69291	-0.0180313697182868
69292	-0.0248367241974312
69293	-0.0353124339286158
69294	-0.0422972849178197
69295	-0.0490413381246529
69296	-0.0506054181030485
69297	-0.0522732246791084
69298	-0.0498496585235935
69299	-0.0494230122625363
69300	-0.0474053322738397
69301	-0.0472542283053097
69302	-0.0478892201362931
69303	-0.0532359889689865
69304	-0.0616156193533778
69305	-0.0704565822490492
69306	-0.0762938896673579
69307	-0.080871403087936
69308	-0.0821349189241421
69309	-0.0812092838436664
69310	-0.0738237979458186
69311	-0.0647977208735487
69312	-0.05305779898496
69313	-0.0475039044005724
69314	-0.0465365270876345
69315	-0.0514132060781309
69316	-0.0546145543131383
69317	-0.0588651214537443
69318	-0.0630123728484622
69319	-0.0685192039802626
69320	-0.0724141137297203
69321	-0.0674243593416417
69322	-0.0515510469663394
69323	-0.0249186075915916
69324	0.00803918335668352
69325	0.0446089482038615
69326	0.0781757890736634
69327	0.106085491468313
69328	0.123220792792964
69329	0.126814584970692
69330	0.116861171876777
69331	0.0982988137157459
69332	0.0752323972865987
69333	0.052468426976467
69334	0.0338328824721272
69335	0.0241339383591509
69336	0.0210092309607866
69337	0.025137132556023
69338	0.0323011467591459
69339	0.0464790970380332
69340	0.0586500192601985
69341	0.0687845014382845
69342	0.0703947334886293
69343	0.0706148671646298
69344	0.0673138285258512
69345	0.06366425330041
69346	0.0604120707539052
69347	0.0606947981470591
69348	0.0680789276959841
69349	0.076748719884735
69350	0.0837438201932815
69351	0.0813922719316404
69352	0.0727377061930139
69353	0.0538271689350974
69354	0.0322112835834186
69355	0.00943382000485769
69356	-0.0078422960183803
69357	-0.0204930567833092
69358	-0.0264932153339592
69359	-0.0290687595623508
69360	-0.0296737628677501
69361	-0.0300516643595483
69362	-0.0318651759522372
69363	-0.0347574453664079
69364	-0.0343127350624326
69365	-0.0301475137079261
69366	-0.0244816548048389
69367	-0.0188712601502702
69368	-0.0174409234883893
69369	-0.018046378921898
69370	-0.0246966047563012
69371	-0.0329318248950459
69372	-0.0470401288736043
69373	-0.0574112972192963
69374	-0.0657229607305718
69375	-0.0651517487673751
69376	-0.0636452894067716
69377	-0.0600635460243801
69378	-0.0586478265594484
69379	-0.0595317089995688
69380	-0.0611766662275774
69381	-0.065422980361866
69382	-0.0708583287485831
69383	-0.0766966133216931
69384	-0.0801981500034374
69385	-0.079657482874255
69386	-0.0749864174878335
69387	-0.0697365248440625
69388	-0.0661437834962707
69389	-0.0640033877489135
69390	-0.0655598471896474
69391	-0.0659096596743105
69392	-0.0670189053761441
69393	-0.0635814208477585
69394	-0.0583484828164664
69395	-0.0474308345770844
69396	-0.0316822567863456
69397	-0.0110251048915042
69398	0.013810032839157
69399	0.0403216702877514
69400	0.0672429772337665
69401	0.0895176517462955
69402	0.109689468049476
69403	0.1231889610028
69404	0.128169585240789
69405	0.12058021119241
69406	0.104510345587353
69407	0.081603400633296
69408	0.0584074767066178
69409	0.0373649815825157
69410	0.0206330668982583
69411	0.0102024681359648
69412	0.0069738340963376
69413	0.0143177537345395
69414	0.0278994054690332
69415	0.0451424251557942
69416	0.0621533200115338
69417	0.0780788221919826
69418	0.0911541786330709
69419	0.0979597664506087
69420	0.0986423851907108
69421	0.0922867564206968
69422	0.0838335209102469
69423	0.0710927916813626
69424	0.0594482886661766
69425	0.0448365823998545
69426	0.0308269361745846
69427	0.0162856867891191
69428	0.00568877749564521
69429	-0.000820445824071439
69430	-0.00413072146191272
69431	-0.0042760720061972
69432	-0.00356434012897305
69433	-0.00142689099596861
69434	-0.00307927769842525
69435	-0.00957507340722884
69436	-0.0225823429483805
69437	-0.0368765779830021
69438	-0.0485614127288462
69439	-0.0555296314667361
69440	-0.0535193938360949
69441	-0.0456897027259656
69442	-0.031777592237817
69443	-0.0184819594003214
69444	-0.00806854263740811
69445	-0.00954156306477759
69446	-0.0193201875875475
69447	-0.0376244678803384
69448	-0.0562191518120468
69449	-0.0712985401005045
69450	-0.0800303516942915
69451	-0.082935040639624
69452	-0.0799507349197947
69453	-0.0734444157346631
69454	-0.0690899955516376
69455	-0.0676597640962174
69456	-0.0696616155633894
69457	-0.072987641562748
69458	-0.0764140814251731
69459	-0.0784378673591826
69460	-0.0777586746033052
69461	-0.0764512134136136
69462	-0.0730480224795275
69463	-0.0738112143161778
69464	-0.0728349786722129
69465	-0.0727788898322833
69466	-0.0669030631463429
69467	-0.0597419534475159
69468	-0.0455313725877209
69469	-0.0273980089012705
69470	-0.00429290160005549
69471	0.0202300773568007
69472	0.0443440827057988
69473	0.0675721416141014
69474	0.0853164383919215
69475	0.0996257216119702
69476	0.107272724894716
69477	0.112629019294773
69478	0.110952991759553
69479	0.104077496903648
69480	0.0916710605518987
69481	0.0778399858278001
69482	0.0625120674552476
69483	0.0462987730094919
69484	0.0309656968479173
69485	0.0188144932579905
69486	0.0127831219290785
69487	0.0142103468995726
69488	0.021203064354891
69489	0.0346930068602358
69490	0.0512553506264264
69491	0.0712304388126702
69492	0.0880547709197465
69493	0.100033258397987
69494	0.100833728999123
69495	0.093716189220751
69496	0.0798972330835049
69497	0.0615195501567867
69498	0.0395003180874005
69499	0.0186683860333342
69500	0.00205936961116357
69501	-0.00762676856785039
69502	-0.00944497355813764
69503	-0.00557555289896336
69504	0.000826544882739894
69505	0.00850217450526276
69506	0.0143319268154511
69507	0.0156962936754188
69508	0.0109133061786602
69509	0.000277479297608075
69510	-0.0130780173535687
69511	-0.0280865960996142
69512	-0.0417930508918411
69513	-0.0516619432597842
69514	-0.0535950629590831
69515	-0.0502645178236735
69516	-0.0423094308926795
69517	-0.0347474423761099
69518	-0.0277859948558472
69519	-0.0244922817372948
69520	-0.0268055825901011
69521	-0.0346664137047819
69522	-0.0465315876025428
69523	-0.056883342638338
69524	-0.0671828340019598
69525	-0.0737546215053335
69526	-0.080566615422702
69527	-0.0845477092905793
69528	-0.0889144739807691
69529	-0.090839401901832
69530	-0.0916799848515127
69531	-0.0909994655926472
69532	-0.0889086302155766
69533	-0.0848154099368512
69534	-0.078252790590624
69535	-0.0724982608480911
69536	-0.0676635200530436
69537	-0.0640741524151279
69538	-0.0597202650130556
69539	-0.0531433441581263
69540	-0.0451793121789349
69541	-0.0333063311967899
69542	-0.0193189824430166
69543	0.000554453191401514
69544	0.0217261562089775
69545	0.0447178880637711
69546	0.0644320543168243
69547	0.081699404879896
69548	0.0946379770701126
69549	0.10371787964275
69550	0.108575461102918
69551	0.108380553586495
69552	0.104123374731418
69553	0.0942690985466433
69554	0.0825800627305031
69555	0.0680104750231099
69556	0.0544081342944702
69557	0.0412994965210406
69558	0.0321908108173566
69559	0.0271716551526861
69560	0.0268236873488722
69561	0.0301978572230974
69562	0.0383547848796346
69563	0.0510794052836112
69564	0.0644966066621539
69565	0.0732195371105178
69566	0.0741007428328696
69567	0.0697173163911874
69568	0.0609683873934782
69569	0.0470124608564325
69570	0.0304114805720246
69571	0.0149839048675808
69572	0.00592064497301053
69573	0.00198563219586091
69574	0.00291885946889744
69575	0.00599329502871325
69576	0.0131895810588956
69577	0.0223437118927652
69578	0.0305013876165088
69579	0.0331594080452264
69580	0.0275401518874006
69581	0.0156371674829431
69582	0.00166809873373811
69583	-0.0149848447061585
69584	-0.0329406509367832
69585	-0.0498497702197417
69586	-0.0576647217003023
69587	-0.058420464668633
69588	-0.0526367685125682
69589	-0.048270145995162
69590	-0.0429196241046218
69591	-0.0407550972106572
69592	-0.0373152217965343
69593	-0.0366672085642792
69594	-0.0381436899586859
69595	-0.0429947970746055
69596	-0.0488641564697756
69597	-0.0555286135951606
69598	-0.0644632736353535
69599	-0.0766807605967493
69600	-0.0896621403904287
69601	-0.0991412175790511
69602	-0.104215738360447
69603	-0.105446697302357
69604	-0.103268090436899
69605	-0.0971705988650368
69606	-0.0873627774603014
69607	-0.0753548105228338
69608	-0.0637904259174557
69609	-0.0527713232832435
69610	-0.0422600047727007
69611	-0.030328455456825
69612	-0.0195512040467191
69613	-0.00817675664734595
69614	0.00167245602059077
69615	0.0128878294328446
69616	0.0225900633724645
69617	0.0337131026542425
69618	0.0431456615218181
69619	0.0525895453570133
69620	0.0610262185729772
69621	0.070514235545101
69622	0.0804973575327485
69623	0.0882138307640669
69624	0.093935591477303
69625	0.096575018620327
69626	0.0977936339152474
69627	0.0940470680349371
69628	0.0857494493624548
69629	0.0740579651436453
69630	0.0626533341641321
69631	0.0526911292858094
69632	0.0444158334741195
69633	0.0419932154039056
69634	0.0436492040829807
69635	0.0485915428817778
69636	0.0507334593439649
69637	0.0483716338645205
69638	0.0409032522059298
69639	0.0288186227982978
69640	0.0167959067486796
69641	0.00389357622153868
69642	-0.00447333441131774
69643	-0.00877683888875733
69644	-0.00356802529203435
69645	0.0067497195490175
69646	0.019254704375189
69647	0.0306979555001816
69648	0.0407072854534313
69649	0.0502981156569149
69650	0.0547601565646622
69651	0.0550671959033017
69652	0.0467350137973422
69653	0.0336583499427126
69654	0.015163386958333
69655	-0.00643781123047032
69656	-0.0291001915693693
69657	-0.0512251444653463
69658	-0.0680384000044339
69659	-0.0801909385155329
69660	-0.0813566041629906
69661	-0.0777798878652526
69662	-0.0684562199718631
69663	-0.058680079437891
69664	-0.0473605660366328
69665	-0.0380094509234194
69666	-0.0334521862815749
69667	-0.0340694724964717
69668	-0.040558991510882
69669	-0.049577734020285
69670	-0.0626320168510621
69671	-0.0776455427933406
69672	-0.0925292110353893
69673	-0.104295219457607
69674	-0.111174167385998
69675	-0.114316663247109
69676	-0.109793873994384
69677	-0.101695574428102
69678	-0.0858062674784098
69679	-0.0676357632524316
69680	-0.0461973651164962
69681	-0.0273276402741074
69682	-0.00912022981332116
69683	0.00655378785420749
69684	0.0181699954094481
69685	0.0256787866851187
69686	0.0280980413449193
69687	0.0308539711222948
69688	0.0322145168904685
69689	0.0344534878882019
69690	0.0335351871023718
69691	0.034145366076907
69692	0.0353810944628197
69693	0.0401047649662269
69694	0.0484267608667099
69695	0.0584583838600343
69696	0.0696695643248935
69697	0.0804574529294236
69698	0.0936988979052601
69699	0.102415133923715
69700	0.106965155762953
69701	0.104811404642493
69702	0.100033231196853
69703	0.0937947096477374
69704	0.0844526696403666
69705	0.0718008221344746
69706	0.0526290799125816
69707	0.0337129564595134
69708	0.012409818136485
69709	-0.00708477791014019
69710	-0.0255652918615546
69711	-0.0359034650269048
69712	-0.0376251734979207
69713	-0.0303741659687019
69714	-0.0172807546258448
69715	-0.00183325883184296
69716	0.0167223006865234
69717	0.0354511782713573
69718	0.0531034241260697
69719	0.0668067859560092
69720	0.0759430636313588
69721	0.0801403957005536
69722	0.0778993113263491
69723	0.0702033502638804
69724	0.0537276559843196
69725	0.0321312490746968
69726	0.00834405129865658
69727	-0.0157022694118056
69728	-0.041678223312201
69729	-0.0667927163680301
69730	-0.0857130042843949
69731	-0.0981897295390703
69732	-0.102065998456932
69733	-0.100112817747226
69734	-0.0909849966789479
69735	-0.078415940594491
69736	-0.0646616686219275
69737	-0.0552143194508772
69738	-0.0530447851729555
69739	-0.0565605118409937
69740	-0.064578357046746
69741	-0.0732718996886084
69742	-0.0817288942315025
69743	-0.0892718005126605
69744	-0.0929243746268824
69745	-0.0926585888021249
69746	-0.0870112582483342
69747	-0.0816288180579553
69748	-0.0727552524714842
69749	-0.0625431227692713
69750	-0.0464772891248187
69751	-0.0292145866168448
69752	-0.00955369853298263
69753	0.00957625145399103
69754	0.0277707402132419
69755	0.0427522135132925
69756	0.0503337858273382
69757	0.0507938515142835
69758	0.0445353195230248
69759	0.036178883721845
69760	0.0261925923188949
69761	0.0192834132950639
69762	0.0149437047122151
69763	0.0150166368287843
69764	0.0201730723145063
69765	0.0300414716329928
69766	0.040414420130056
69767	0.0507956886214069
69768	0.0635829452039446
69769	0.077747954601845
69770	0.0916398430341676
69771	0.103824374985311
69772	0.11562871224363
69773	0.123176176965713
69774	0.120017019019701
69775	0.102924240451602
69776	0.0755895566882547
69777	0.0439757232210122
69778	0.0100280547497036
69779	-0.0200419673711736
69780	-0.0441305544344138
69781	-0.0563668166775579
69782	-0.0583035461625064
69783	-0.0503674575887975
69784	-0.0374613931094721
69785	-0.020674065737804
69786	0.000552401408647487
69787	0.0236123185599253
69788	0.0501031106710317
69789	0.0731879696502882
69790	0.0934981679408963
69791	0.104867951119882
69792	0.107444455677813
69793	0.0988016827161442
69794	0.0815985337089209
69795	0.0570503182710703
69796	0.0271512957811845
69797	-0.00465902489496736
69798	-0.0339923775161926
69799	-0.0584912333100242
69800	-0.0789732472676576
69801	-0.094053433960741
69802	-0.103158329266983
69803	-0.106310755737953
69804	-0.104423190510115
69805	-0.0989938038746037
69806	-0.0940194619751557
69807	-0.0916189420654553
69808	-0.0912720723581004
69809	-0.0938252619999125
69810	-0.0998009830023493
69811	-0.107511461408716
69812	-0.111378670424357
69813	-0.107774563766646
69814	-0.0957956919308777
69815	-0.0788488060472855
69816	-0.058248172679741
69817	-0.0347479439274867
69818	-0.0131330210626425
69819	0.00498892308719721
69820	0.0152764887651947
69821	0.0216266674028267
69822	0.0235221684221888
69823	0.0276505978188838
69824	0.0311606201723193
69825	0.0355659211513859
69826	0.0381051893303073
69827	0.0393851053852712
69828	0.038565616506124
69829	0.0328597261575716
69830	0.0258055370788575
69831	0.0191076594669568
69832	0.019302617646458
69833	0.0241539354989667
69834	0.0333527605657664
69835	0.0431516620594987
69836	0.0528837817390208
69837	0.0607419627539699
69838	0.0646451259536721
69839	0.0635671724010223
69840	0.0607998134357427
69841	0.059000286495596
69842	0.0598702720206719
69843	0.0585113425508758
69844	0.0557099823879984
69845	0.0481355394889093
69846	0.0396282595150047
69847	0.0290845821615194
69848	0.0166409832261503
69849	0.00226692489887789
69850	-0.00997824115888195
69851	-0.0161539621121136
69852	-0.0181078674098974
69853	-0.0163065973436127
69854	-0.0114390325741179
69855	-0.00268058402262086
69856	0.0101454485039549
69857	0.0236379200134621
69858	0.0403927511928112
69859	0.0573942780199057
69860	0.0750962404569484
69861	0.0869644832911272
69862	0.0942418500221914
69863	0.0923929320279056
69864	0.0813291220168142
69865	0.0625661120321945
69866	0.037765527586055
69867	0.00967262738784638
69868	-0.0213845602515334
69869	-0.0498569818360325
69870	-0.0753154594074516
69871	-0.0961110814505833
69872	-0.113407552142288
69873	-0.124841262806984
69874	-0.129838610424869
69875	-0.131327071919434
69876	-0.128499314801329
69877	-0.125417671357151
69878	-0.120460427645932
69879	-0.11885888831034
69880	-0.117286293687616
69881	-0.116369057036905
69882	-0.112763704097632
69883	-0.104886260917875
69884	-0.0890892692842802
69885	-0.0641158871336808
69886	-0.0331829832638018
69887	0.0017211643764448
69888	0.0341167010591689
69889	0.0631754653012797
69890	0.0823555501002774
69891	0.0922145796291554
69892	0.0912498132967353
69893	0.0833345201566148
69894	0.069632541539017
69895	0.0531196157030983
69896	0.0360802065419105
69897	0.0195799600900026
69898	0.00754834855191094
69899	-4.66588974082777e-05
69900	-0.000310690481536618
69901	0.00633704559269543
69902	0.0218038601468324
69903	0.0421349678097877
69904	0.0627167801354971
69905	0.079822690312517
69906	0.0896114371551045
69907	0.0919426859582988
69908	0.0798345105788864
69909	0.0564753343013639
69910	0.0226863178609098
69911	-0.00967770644623626
69912	-0.0384939528112598
69913	-0.0558175247234233
69914	-0.0585927553355287
69915	-0.0468382633602434
69916	-0.023256400521062
69917	0.00276309794634384
69918	0.0262145249347506
69919	0.041370314376357
69920	0.0508312551816811
69921	0.0543744308319469
69922	0.0533953811044675
69923	0.0515412925411927
69924	0.0495564374792089
69925	0.052554590780275
69926	0.0557001540706142
69927	0.0605512936041282
69928	0.059130408068029
69929	0.0554532822575648
69930	0.046866906295471
69931	0.0350638273164865
69932	0.0197917585024063
69933	0.00628702047176308
69934	-0.00213282928370932
69935	-0.00693832754015274
69936	-0.0104074347081595
69937	-0.0169623639246052
69938	-0.0260564146667104
69939	-0.0400197437269701
69940	-0.0589987808009947
69941	-0.0822016836937717
69942	-0.10557357896346
69943	-0.125554675688441
69944	-0.141554020979044
69945	-0.152549162641585
69946	-0.15819921678907
69947	-0.157563372267208
69948	-0.149740985591284
69949	-0.135477075007458
69950	-0.116480574782961
69951	-0.0946558918521492
69952	-0.0687424827898954
69953	-0.040966673462297
69954	-0.0115455847520225
69955	0.0160138767806968
69956	0.0419723465363727
69957	0.0644259770598698
69958	0.0832769732143442
69959	0.0960565633566351
69960	0.101454192662363
69961	0.0981274072022332
69962	0.0873511660058201
69963	0.0723622846181598
69964	0.0551699280997938
69965	0.0374704847499771
69966	0.0233848222442069
69967	0.0170500551880368
69968	0.0201210274449953
69969	0.0313690880001823
69970	0.0492253321186773
69971	0.0674403010560304
69972	0.0820974997237123
69973	0.0893968828111181
69974	0.087349972217468
69975	0.0699555592292532
69976	0.038396046313128
69977	-0.000993380200555977
69978	-0.0398085685660355
69979	-0.0724786223087635
69980	-0.0950303796399608
69981	-0.101579161747835
69982	-0.0911983588722402
69983	-0.0650353668699886
69984	-0.0317639923222698
69985	0.00128509997285384
69986	0.0277019707150063
69987	0.0480232870621135
69988	0.0637060657410798
69989	0.0743460079089979
69990	0.0790125286092612
69991	0.08120700584831
69992	0.0856423731508477
69993	0.0923226571468205
69994	0.0959611771252017
69995	0.0948740283851608
69996	0.0876200788943981
69997	0.073603505117923
69998	0.0482397477758508
69999	0.0162858007970034
70000	-0.017508584968158
70001	-0.0465327526186243
70002	-0.0672184097854283
70003	-0.0769578459054101
70004	-0.0791452723175535
70005	-0.0777067968561988
70006	-0.073024340453935
70007	-0.0681156463471513
70008	-0.0651708052117888
70009	-0.0670207284990219
70010	-0.0730493559370791
70011	-0.0830985545972917
70012	-0.0932308929261941
70013	-0.102698143595248
70014	-0.111625327429287
70015	-0.11801471228157
70016	-0.119392412442274
70017	-0.115318355661001
70018	-0.105510587918319
70019	-0.0895462472091426
70020	-0.0667903887857517
70021	-0.037139467939061
70022	-0.00228366066255715
70023	0.030976107695679
70024	0.0594591054719299
70025	0.0795494165698647
70026	0.0917061568535598
70027	0.0921436066811527
70028	0.0860984352994609
70029	0.0725923888879319
70030	0.0607460044482049
70031	0.0507495677741294
70032	0.0470063795569238
70033	0.0471461512074459
70034	0.0534963906207219
70035	0.0653968588424413
70036	0.0798470370483624
70037	0.0956038671185153
70038	0.108456032556591
70039	0.114560143234758
70040	0.105117918624325
70041	0.0796343102152382
70042	0.0397016353964205
70043	-0.00901522397740101
70044	-0.0590405761433293
70045	-0.101139570016911
70046	-0.125659836262676
70047	-0.130015043228808
70048	-0.114184342084594
70049	-0.0832680618103698
70050	-0.0441844688179869
70051	-0.00700760947704979
70052	0.0187205481653756
70053	0.0345950564955537
70054	0.0422873470837447
70055	0.0493613988218981
70056	0.0549689662206232
70057	0.0636695364495176
70058	0.0746053521662715
70059	0.0889514434326805
70060	0.101697721501778
70061	0.107756174714321
70062	0.104198036710922
70063	0.0892286129751223
70064	0.0660764485809332
70065	0.0374747094274773
70066	0.00674820399527435
70067	-0.0254803845482256
70068	-0.0547450699699223
70069	-0.0775520770841004
70070	-0.0939888086709336
70071	-0.10616588614477
70072	-0.115538689912853
70073	-0.11885908491742
70074	-0.112509845267635
70075	-0.0987947186495913
70076	-0.0849336673483466
70077	-0.073563172034017
70078	-0.0643464690705689
70079	-0.0567566678057547
70080	-0.0538095380170136
70081	-0.0570104379170639
70082	-0.0628066056003446
70083	-0.0665861313010729
70084	-0.0640163274766402
70085	-0.055840546630068
70086	-0.0439409145176564
70087	-0.029145366453075
70088	-0.0107855173533143
70089	0.00931204449012846
70090	0.0259364979946471
70091	0.0358634675016875
70092	0.0400753868744397
70093	0.0424293320877605
70094	0.0435511523444191
70095	0.0432803297390267
70096	0.0416985048077124
70097	0.0440720177296382
70098	0.0538460235740485
70099	0.070860410449861
70100	0.090123962130692
70101	0.109896826625624
70102	0.128132227709756
70103	0.145437043428685
70104	0.152373379432584
70105	0.14097131131081
70106	0.103564986336499
70107	0.0536372289671607
70108	-0.00314251488795518
70109	-0.0564313577469334
70110	-0.104363699641717
70111	-0.132657106715268
70112	-0.138708677635504
70113	-0.120019972689498
70114	-0.0884745264782444
70115	-0.0500902894057105
70116	-0.0113013497358191
70117	0.0243846313217675
70118	0.0459353427606485
70119	0.0521006694721141
70120	0.0454922448623861
70121	0.0363158288004993
70122	0.0289148242741703
70123	0.0291700779840227
70124	0.034944593244139
70125	0.0497188546100112
70126	0.0677340710264289
70127	0.0836878213453833
70128	0.0876019979601772
70129	0.079355646935829
70130	0.0574603431292801
70131	0.0257122430435796
70132	-0.00985712846192003
70133	-0.0462017706900548
70134	-0.0774636508201579
70135	-0.100134759007386
70136	-0.109940361094662
70137	-0.112212028243905
70138	-0.107537289527225
70139	-0.0999521125867564
70140	-0.0911847712128249
70141	-0.0815570614459587
70142	-0.0729884915770102
70143	-0.0677575461555004
70144	-0.0642357481012391
70145	-0.0601667234500569
70146	-0.0555630727566461
70147	-0.0500148752828931
70148	-0.0410333740274632
70149	-0.0307721861783188
70150	-0.0178395369244072
70151	-0.00492762039245964
70152	0.00739566375437339
70153	0.0153247799555541
70154	0.0209512366675312
70155	0.0206348470239493
70156	0.0163850020554342
70157	0.00901133045581897
70158	0.00149228243764678
70159	-0.00388916106312221
70160	-0.00325300261193176
70161	0.00523572553043111
70162	0.0210521885123383
70163	0.0459180225082527
70164	0.0780955354129125
70165	0.114103688547402
70166	0.147073122989759
70167	0.172171669417918
70168	0.18260161427291
70169	0.172402807402427
70170	0.13749595272489
70171	0.0841687195138747
70172	0.0219016314700347
70173	-0.0363393071607664
70174	-0.0831302186514141
70175	-0.106980687809375
70176	-0.111460549910541
70177	-0.100305781045735
70178	-0.0780039288695501
70179	-0.050304451538261
70180	-0.02364895886989
70181	0.00156357622129848
70182	0.0243777471636469
70183	0.0418636126568925
70184	0.0517998510303214
70185	0.0533447614273565
70186	0.0528021894536967
70187	0.0498942950855562
70188	0.0463463773204583
70189	0.0440083602627811
70190	0.0462273278073838
70191	0.0472811641602418
70192	0.0411772035812958
70193	0.0312627606706401
70194	0.0153993817896648
70195	-0.00673710597823103
70196	-0.0365264967673243
70197	-0.0642707392402514
70198	-0.0865147431451354
70199	-0.102128348733184
70200	-0.108678823997391
70201	-0.107507542836629
70202	-0.0978926966475649
70203	-0.081640588176326
70204	-0.0614500467897059
70205	-0.0421058408234525
70206	-0.0309016803226762
70207	-0.0297499714556832
70208	-0.0357267998773951
70209	-0.0439776983514283
70210	-0.0577242398669186
70211	-0.0691420528454897
70212	-0.0719336786885283
70213	-0.0597936526498456
70214	-0.0372867159235585
70215	-0.00930199766120252
70216	0.0156647351245108
70217	0.0331963019273484
70218	0.0414343090394382
70219	0.03659204078897
70220	0.0207427292133464
70221	6.41323719925936e-05
70222	-0.0178673811831124
70223	-0.028135288064447
70224	-0.0266238167808171
70225	-0.0151104042087259
70226	0.00538421341043311
70227	0.0350632917469472
70228	0.0735999758032199
70229	0.114443052225221
70230	0.153044210737933
70231	0.18019418440382
70232	0.189639488356336
70233	0.175052767792559
70234	0.138435939220452
70235	0.0839547653028466
70236	0.0240536003571595
70237	-0.0277673681238836
70238	-0.0604154511535412
70239	-0.0746807334674111
70240	-0.0780749390761103
70241	-0.0688890577936714
70242	-0.0545299444694704
70243	-0.038214340917447
70244	-0.0218152847256444
70245	-0.00405037564106288
70246	0.018076289765574
70247	0.0425391066456121
70248	0.0623832299252931
70249	0.0708574459829963
70250	0.0694292612067813
70251	0.061337433975883
70252	0.0518270988341699
70253	0.045344623829383
70254	0.0388051716072476
70255	0.0269443507656782
70256	0.0100555146504635
70257	-0.00730792753413583
70258	-0.0284775598633523
70259	-0.0536513175746958
70260	-0.0772663529818693
70261	-0.0931508403355262
70262	-0.103754104929629
70263	-0.106049834712419
70264	-0.103071495172862
70265	-0.0976454637338344
70266	-0.0869512774172826
70267	-0.0743136978368637
70268	-0.0594216770563953
70269	-0.0410916408382647
70270	-0.0246792276069802
70271	-0.0159279827823225
70272	-0.0153920418863293
70273	-0.019573463129703
70274	-0.0312187154241598
70275	-0.0423115228791423
70276	-0.0487665856848665
70277	-0.0452188267248619
70278	-0.0371896924637029
70279	-0.0231111889151327
70280	-0.0114803705861831
70281	-0.00350615802416738
70282	-0.0021999542524739
70283	-0.00667888841629671
70284	-0.0133572769244625
70285	-0.0162646958254783
70286	-0.0129883359371156
70287	-0.00255409772938361
70288	0.0146326016436054
70289	0.0345446657959179
70290	0.0538039942616147
70291	0.0740971607684391
70292	0.0947147617031552
70293	0.117812964829451
70294	0.140095827113301
70295	0.151666223439949
70296	0.142231640206058
70297	0.118129853975733
70298	0.0881963886829106
70299	0.0531447656871265
70300	0.017374258467118
70301	-0.00969011254187864
70302	-0.0257461195515641
70303	-0.0342970071093581
70304	-0.0385001714343807
70305	-0.0415354656690011
70306	-0.0413002292720097
70307	-0.0352655496550434
70308	-0.0230112442426952
70309	-0.00162060772482735
70310	0.0267645583661449
70311	0.0571721273592241
70312	0.0819625577986936
70313	0.0982275029273151
70314	0.0985732610101101
70315	0.0886014244917103
70316	0.0730647173341834
70317	0.0522830797617946
70318	0.0177848167300908
70319	-0.021746597450523
70320	-0.0563041967380972
70321	-0.0797826556688463
70322	-0.0952140745331536
70323	-0.0971372486558494
70324	-0.0887208737790359
70325	-0.0744859585778389
70326	-0.0619165779109136
70327	-0.055430169271797
70328	-0.0592787547163521
70329	-0.0683465370895824
70330	-0.0785813640703429
70331	-0.0833545804911711
70332	-0.082093932957182
70333	-0.0746157466702145
70334	-0.0628520077212582
70335	-0.0459376468303791
70336	-0.0288561995078524
70337	-0.0177454513171899
70338	-0.0120172877059586
70339	-0.00531585591879677
70340	-0.000102655542525684
70341	-0.0022572295239263
70342	-0.0121626676873328
70343	-0.0281400430641907
70344	-0.0486956475573425
70345	-0.0680669524057881
70346	-0.0826621294856537
70347	-0.0831949915097415
70348	-0.064486763504475
70349	-0.0276336036369703
70350	0.0191319852712301
70351	0.0694784166017493
70352	0.112926322865231
70353	0.143147033177983
70354	0.156177987522129
70355	0.155196611129438
70356	0.142759639631104
70357	0.120634190052082
70358	0.0886779301549778
70359	0.0531147437985829
70360	0.0265246098736608
70361	0.0109337784840717
70362	0.00522616460133473
70363	0.00597954848775329
70364	0.0147750724687393
70365	0.0245536068703555
70366	0.0294277321399014
70367	0.0155917656052058
70368	-0.00815570496896201
70369	-0.0306787566871152
70370	-0.0429185268753287
70371	-0.0426019860801601
70372	-0.0237129047702554
70373	0.0120800141015852
70374	0.0565779618140715
70375	0.0982516041913728
70376	0.128069269766699
70377	0.139090664453657
70378	0.136745685837611
70379	0.119628339840033
70380	0.0807491432311763
70381	0.0174299720559417
70382	-0.0549478600575082
70383	-0.115414753386455
70384	-0.154349739510811
70385	-0.165088117188029
70386	-0.146387978129463
70387	-0.103537916288751
70388	-0.0506958959141874
70389	-0.0030601007368888
70390	0.0211481459949947
70391	0.0175652614337123
70392	-0.0068944415357318
70393	-0.0410475079710176
70394	-0.0736142775479769
70395	-0.0996146778132195
70396	-0.113094048069166
70397	-0.112325502581736
70398	-0.0938297308054953
70399	-0.0642313263798854
70400	-0.0371423205928415
70401	-0.0124680014565892
70402	0.0094130088146924
70403	0.0193023591396137
70404	0.00905577713052976
70405	-0.0162949875855283
70406	-0.0513476836296109
70407	-0.084832818429184
70408	-0.109258650924599
70409	-0.118128762156984
70410	-0.107415921621764
70411	-0.0732959080576855
70412	-0.0218811462311725
70413	0.0374102216217059
70414	0.0958196766384092
70415	0.144900508724122
70416	0.180590875581412
70417	0.203747051244291
70418	0.20885407859941
70419	0.185144809109815
70420	0.132621976692659
70421	0.0695034029799085
70422	0.0138266303733546
70423	-0.0246649699541928
70424	-0.0421235314075599
70425	-0.0384050000348701
70426	-0.0168506377109592
70427	0.0106576803953091
70428	0.0335549819915189
70429	0.0362774121554666
70430	0.0168698705918492
70431	-0.0138644455053809
70432	-0.0375928587773392
70433	-0.0525365517404303
70434	-0.0524275476402682
70435	-0.0366614496440556
70436	0.00341966732506889
70437	0.0574122646636415
70438	0.113436886391742
70439	0.153878286555794
70440	0.17991498637871
70441	0.183895144489637
70442	0.152403637282707
70443	0.0817082924836254
70444	-0.00865527303979341
70445	-0.0962786666328512
70446	-0.15856708672755
70447	-0.186311082879157
70448	-0.178142253557167
70449	-0.140283993242591
70450	-0.0817355266226791
70451	-0.0201617891174756
70452	0.0251069542813583
70453	0.0426309868149859
70454	0.0371349814958795
70455	0.0201166179551055
70456	-0.00152465156919352
70457	-0.0305942725636636
70458	-0.0645213812565351
70459	-0.0915853360901482
70460	-0.102502988729261
70461	-0.0983872238989657
70462	-0.0821318136225632
70463	-0.0622104147511835
70464	-0.0390054963850494
70465	-0.0209311167274566
70466	-0.0204172755257189
70467	-0.0433791930800333
70468	-0.0791935282995086
70469	-0.11021336956185
70470	-0.12734076168323
70471	-0.129117157840554
70472	-0.114027565829012
70473	-0.0804914348612578
70474	-0.0322106971274748
70475	0.027514535535292
70476	0.0863940182907444
70477	0.138702810499825
70478	0.181542958759434
70479	0.217346485255201
70480	0.229611901674779
70481	0.206059886535541
70482	0.146939647362457
70483	0.0830509478127652
70484	0.032456667238341
70485	0.000704229509526916
70486	-0.0191265926762248
70487	-0.0239137956744028
70488	-0.0170458455359029
70489	-0.00318683874596084
70490	0.00797621769927268
70491	0.0111304390165774
70492	0.00469434261807235
70493	-0.00413286973977504
70494	-0.012109693082121
70495	-0.0188770921727029
70496	-0.0258303535312557
70497	-0.0271950648428242
70498	-0.0159017050363267
70499	0.0154855528055301
70500	0.0537560426156066
70501	0.0857280517592259
70502	0.105393973351777
70503	0.114069387768644
70504	0.096472633723903
70505	0.0530020925498864
70506	-0.00540713656424625
70507	-0.057615172537167
70508	-0.0901412508784355
70509	-0.0972025766669126
70510	-0.0871496262232824
70511	-0.0655158567290904
70512	-0.0356633845578624
70513	-0.00552678987092234
70514	0.0161650729890544
70515	0.0285512009464206
70516	0.0310793714495844
70517	0.026295392568318
70518	0.0162320624058484
70519	-0.00121138101524179
70520	-0.0300821497646082
70521	-0.0576275370755767
70522	-0.0712434104705143
70523	-0.0712437827989346
70524	-0.0625492779451173
70525	-0.0568790147885781
70526	-0.0596890772376513
70527	-0.0722877211476481
70528	-0.0865783377888947
70529	-0.106521787946294
70530	-0.12472857388908
70531	-0.138443083387488
70532	-0.137091956227336
70533	-0.124849747174638
70534	-0.09883827093653
70535	-0.0677813741007138
70536	-0.0303571397135425
70537	0.0138573618703322
70538	0.065610789358201
70539	0.113025975158176
70540	0.157807217652907
70541	0.190918843507275
70542	0.201230477071547
70543	0.1848309216878
70544	0.156941271375175
70545	0.122275459715254
70546	0.0890793237976384
70547	0.0597812560306613
70548	0.0371556305345436
70549	0.0136996689220574
70550	-0.00808517734326832
70551	-0.022384690251364
70552	-0.0205807027059482
70553	-0.00893982206273995
70554	0.00138134860580081
70555	0.0014907887494368
70556	-0.00104028284027764
70557	-0.00305434277159859
70558	-0.00586811484944368
70559	-0.00295079203448772
70560	0.0124956053177271
70561	0.0355714808720286
70562	0.0510679096814359
70563	0.0487313298395843
70564	0.0209770291865214
70565	-0.0207629518799965
70566	-0.0591875708276654
70567	-0.0883325792267015
70568	-0.101164497040404
70569	-0.0897938386303807
70570	-0.0573675600789421
70571	-0.01715659722277
70572	0.0191307852074187
70573	0.0461723635621328
70574	0.0634345924714576
70575	0.072539209656967
70576	0.0718976627445475
70577	0.0588614370117795
70578	0.0396256404825663
70579	0.0196931362196276
70580	0.00969068222792356
70581	0.00579766454079371
70582	-0.00240892040130684
70583	-0.0234658756572386
70584	-0.0430249181577142
70585	-0.0584016656040041
70586	-0.0748517343174248
70587	-0.097453793217858
70588	-0.117447569635545
70589	-0.127432119822637
70590	-0.126948948398761
70591	-0.123378778071167
70592	-0.124194615766892
70593	-0.123721580932038
70594	-0.110713177140389
70595	-0.0869518307156383
70596	-0.0532056430288819
70597	-0.0176780369915135
70598	0.0158317189992647
70599	0.0435161225113625
70600	0.0724900446074962
70601	0.0943482311730882
70602	0.100189654241923
70603	0.0945216604854816
70604	0.0912975387299317
70605	0.0990942780274319
70606	0.109271734491819
70607	0.11289176435477
70608	0.108075239280867
70609	0.105366901596008
70610	0.0925178415848802
70611	0.0652460222957156
70612	0.0337115131723151
70613	0.0208075728629508
70614	0.0191256208665139
70615	0.0190068743981532
70616	0.0137563577663057
70617	0.00697806842859548
70618	0.00523603313528518
70619	0.0137937804152579
70620	0.0245438995315901
70621	0.0305228335861661
70622	0.0330720168423706
70623	0.0315962451743597
70624	0.00643063489551211
70625	-0.0465523333383157
70626	-0.106947998362569
70627	-0.149403902868371
70628	-0.172508947049902
70629	-0.178901558440633
70630	-0.162305435914346
70631	-0.112004964905029
70632	-0.0412525706050912
70633	0.0313882403006296
70634	0.0983122270110232
70635	0.147663368817674
70636	0.169180562259998
70637	0.157763514661064
70638	0.129714650413597
70639	0.09222669846191
70640	0.0545437085174747
70641	0.0256640340612105
70642	0.015111130966025
70643	0.00961202260143143
70644	-0.010044177203882
70645	-0.0392299937556873
70646	-0.065190461443984
70647	-0.0868742009173687
70648	-0.109257244002985
70649	-0.129514109255805
70650	-0.142904506334056
70651	-0.146289650088688
70652	-0.143625895094146
70653	-0.142178667234388
70654	-0.133571314278732
70655	-0.112351393623321
70656	-0.0739159216624227
70657	-0.0248874064330792
70658	0.0219812583672318
70659	0.0565478880842784
70660	0.076522340573634
70661	0.0905950730528589
70662	0.0939341081435672
70663	0.077876186584448
70664	0.0465310741325692
70665	0.0261426283673061
70666	0.0255806349949494
70667	0.0327518649158479
70668	0.0436014141905349
70669	0.0629365833054603
70670	0.0885573135710873
70671	0.104267529671275
70672	0.103630628904854
70673	0.0899753736621004
70674	0.0809341237934648
70675	0.0778256133284532
70676	0.0743393098667712
70677	0.0650900038800456
70678	0.0571676196534171
70679	0.0496417920860922
70680	0.0443115229721032
70681	0.0443620636648672
70682	0.0431290430681632
70683	0.0350162996310697
70684	0.0119743771186945
70685	-0.0348114607882552
70686	-0.10448030543995
70687	-0.170081848944159
70688	-0.216513932092601
70689	-0.246478945680369
70690	-0.254915959318153
70691	-0.224351942613149
70692	-0.157137268224263
70693	-0.0743423186915971
70694	0.0118516244261166
70695	0.0988122985573029
70696	0.171320618662429
70697	0.210733082903184
70698	0.208569669199589
70699	0.179846793703755
70700	0.140359641843593
70701	0.10649373645661
70702	0.0735573047058524
70703	0.0490374987424595
70704	0.0253347490632861
70705	-0.00669730704480173
70706	-0.0407150982762992
70707	-0.071060425645226
70708	-0.0999967800648397
70709	-0.129400520726644
70710	-0.144171637927129
70711	-0.151298317046197
70712	-0.159891751962761
70713	-0.167776875359015
70714	-0.156136835569768
70715	-0.127844257122824
70716	-0.0891660091822833
70717	-0.0433198594856539
70718	0.00476430111448793
70719	0.0505232995666185
70720	0.0916659028510631
70721	0.121350042674757
70722	0.129047733997818
70723	0.108162059895555
70724	0.0638562536378295
70725	0.0164722240722245
70726	-0.0112822322474084
70727	-0.0269808781791409
70728	-0.0318916609789362
70729	-0.0149980552410665
70730	0.0264429663683822
70731	0.0675819292113958
70732	0.0940996046513717
70733	0.109724422138562
70734	0.121827165624482
70735	0.128160060954907
70736	0.119822163996497
70737	0.099070668736671
70738	0.0848276042636678
70739	0.086680674473358
70740	0.0895970955839901
70741	0.0839720529680206
70742	0.0793810753019116
70743	0.0787289875032492
70744	0.0633396197587483
70745	0.0046794345601707
70746	-0.0900609515735711
70747	-0.183285022151899
70748	-0.242052516295877
70749	-0.279525066564474
70750	-0.306038014648038
70751	-0.304059474962495
70752	-0.252184262410133
70753	-0.165157314751464
70754	-0.0695519926867773
70755	0.0252922907322381
70756	0.117141862236941
70757	0.189889937996412
70758	0.224063531704477
70759	0.215389667629273
70760	0.186955307247904
70761	0.15682877236695
70762	0.131131082767003
70763	0.101187092693528
70764	0.0688423650292529
70765	0.0281147493792276
70766	-0.0152119112771788
70767	-0.0572351681154518
70768	-0.088584822602241
70769	-0.109870215005204
70770	-0.125673081605428
70771	-0.138064436092712
70772	-0.152691797555138
70773	-0.172011829152781
70774	-0.184201132675035
70775	-0.171179877506379
70776	-0.131259073720644
70777	-0.0775852537535813
70778	-0.0212264061418041
70779	0.0299864281632745
70780	0.0773224482220536
70781	0.122291114400595
70782	0.155232882063646
70783	0.154359851441616
70784	0.115987229038549
70785	0.0584776271750164
70786	0.0102370198770131
70787	-0.020792212652873
70788	-0.0443554745894713
70789	-0.0516514263832255
70790	-0.0327717359888729
70791	0.0103924484811175
70792	0.0552714595543276
70793	0.0901729730975353
70794	0.114650748785001
70795	0.133163717540176
70796	0.140412919230889
70797	0.128507103078601
70798	0.103745553030382
70799	0.0867406923162023
70800	0.0863723642349163
70801	0.0904873371411662
70802	0.0962065048480547
70803	0.103383986427131
70804	0.104549751081069
70805	0.0737500740992636
70806	-0.0084136600390305
70807	-0.119769041647473
70808	-0.215418185751723
70809	-0.281767808572679
70810	-0.329507049149529
70811	-0.348350981113069
70812	-0.318513677586337
70813	-0.2440316356214
70814	-0.144436684268505
70815	-0.0376349528126354
70816	0.0682231367600472
70817	0.153965286211492
70818	0.204030055648835
70819	0.208160641043717
70820	0.19294909587981
70821	0.178086457041686
70822	0.16536012576235
70823	0.141712247577893
70824	0.107478931341982
70825	0.0632169932427729
70826	0.0114258434186557
70827	-0.0416630965285186
70828	-0.0860871792227748
70829	-0.116274803426643
70830	-0.129574841531512
70831	-0.133356610480236
70832	-0.14079517343085
70833	-0.158166153642193
70834	-0.173678558610637
70835	-0.171141370496834
70836	-0.142903310551288
70837	-0.0995132852290395
70838	-0.0504630643871221
70839	0.0011467147482798
70840	0.0528553262607226
70841	0.102007682018511
70842	0.146024545763728
70843	0.175208334528415
70844	0.154768652958884
70845	0.0892808968405554
70846	0.0229771640636477
70847	-0.0160375296335237
70848	-0.0426393744864412
70849	-0.0557675432458464
70850	-0.0464274362654911
70851	-0.0104692477005749
70852	0.036452299409906
70853	0.0758234862297422
70854	0.107326585423722
70855	0.138465693240908
70856	0.15745224258909
70857	0.143906610985847
70858	0.109302868681562
70859	0.0848022828797861
70860	0.076470290219476
70861	0.0737533247897883
70862	0.0774423929570882
70863	0.0928976900828838
70864	0.11302939397844
70865	0.109922187414247
70866	0.0541339932422257
70867	-0.047858396751896
70868	-0.150365087028915
70869	-0.230295123686539
70870	-0.301700072437061
70871	-0.355150389876329
70872	-0.356836629001278
70873	-0.299932958294268
70874	-0.208611539947647
70875	-0.103739555221265
70876	0.0101604691316244
70877	0.117562334282732
70878	0.188096208303639
70879	0.203810972778465
70880	0.184420603944096
70881	0.16858683487079
70882	0.165071292925443
70883	0.155923341377417
70884	0.131898139506362
70885	0.0987718510487223
70886	0.0562320766003688
70887	0.00384909398230328
70888	-0.0567833633037486
70889	-0.110427817691268
70890	-0.14717737919845
70891	-0.16195549906672
70892	-0.16905615390171
70893	-0.172670892105196
70894	-0.175114847336317
70895	-0.165569018127573
70896	-0.139430152674324
70897	-0.100590516169221
70898	-0.0628173773513191
70899	-0.0200865780751869
70900	0.0316946590539068
70901	0.0865619897274132
70902	0.134849849244178
70903	0.172422510936797
70904	0.178386382940837
70905	0.133934166467508
70906	0.0565316499202505
70907	-0.00755639423293319
70908	-0.0397149995665936
70909	-0.0529627372256104
70910	-0.0565298486342652
70911	-0.0416731098455789
70912	-0.00120080806815101
70913	0.0456604852796573
70914	0.083719290831867
70915	0.129681240659145
70916	0.178176152937751
70917	0.187058415215471
70918	0.14517212385053
70919	0.0918406057812384
70920	0.0603315096879763
70921	0.0475828248782802
70922	0.0450726660427041
70923	0.0580139678777529
70924	0.0889984073754445
70925	0.116472820438545
70926	0.0961904749157215
70927	0.0165564323111547
70928	-0.0870452459320077
70929	-0.167593440046381
70930	-0.232079007956569
70931	-0.299896027072166
70932	-0.344085769589073
70933	-0.328418358550513
70934	-0.257033304256998
70935	-0.163744716512586
70936	-0.0614737677214765
70937	0.052396600139087
70938	0.151661579773733
70939	0.194809075295149
70940	0.185104258138609
70941	0.162096118503983
70942	0.154104579283777
70943	0.151917635505554
70944	0.143318742567202
70945	0.122872108486684
70946	0.0910477823221185
70947	0.042615653290061
70948	-0.0134423331322637
70949	-0.0729902493250656
70950	-0.123628654321066
70951	-0.161940203597868
70952	-0.183152584430033
70953	-0.199753215286395
70954	-0.209578826946241
70955	-0.200223714478112
70956	-0.16456189084862
70957	-0.117176267182998
70958	-0.0709136039265022
70959	-0.0275357959158519
70960	0.0159360019390653
70961	0.0639287593859017
70962	0.116683725659943
70963	0.162186243210677
70964	0.183065145411522
70965	0.17180555297671
70966	0.132025894237978
70967	0.0623332442152932
70968	-0.0110022104139311
70969	-0.0496890783539382
70970	-0.0554914909108628
70971	-0.0569218914007209
70972	-0.0489489861621616
70973	-0.015125898159229
70974	0.0285811049046016
70975	0.0677056349835369
70976	0.117181229092856
70977	0.175209631149386
70978	0.193307437638191
70979	0.154150161799743
70980	0.0961043494820443
70981	0.0565446071729884
70982	0.038885491507717
70983	0.0401192101478037
70984	0.0633689664094018
70985	0.0926862696325592
70986	0.101931344582333
70987	0.0688472147411537
70988	0.00282698763799245
70989	-0.0792751544581589
70990	-0.159082100592846
70991	-0.23219635726857
70992	-0.297357597582732
70993	-0.339173136071882
70994	-0.32734657384835
70995	-0.253241487191025
70996	-0.143300145016234
70997	-0.0274973919671036
70998	0.0840318464508582
70999	0.169109425816217
71000	0.19846132824961
71001	0.187991256405208
71002	0.175792164119178
71003	0.17322184563321
71004	0.161501802879503
71005	0.139053522523559
71006	0.111477170220572
71007	0.071542183647025
71008	0.0124018180362352
71009	-0.0448691344778772
71010	-0.093034280177901
71011	-0.128972024366767
71012	-0.166372537609193
71013	-0.19962506653261
71014	-0.231105410178933
71015	-0.246597336393215
71016	-0.231653615561045
71017	-0.179406006802716
71018	-0.113593982056323
71019	-0.0507373468613848
71020	0.00620000923893357
71021	0.0598587428913721
71022	0.111281464874956
71023	0.158956553796832
71024	0.189474391210033
71025	0.187070465360185
71026	0.154009982121177
71027	0.113065230101914
71028	0.080086341816574
71029	0.0422807058931971
71030	-0.0142151882690301
71031	-0.0571115251024393
71032	-0.0621301346072756
71033	-0.0508275608766252
71034	-0.0364877204760742
71035	-0.0126008690779657
71036	0.0290002495930862
71037	0.0745947418557131
71038	0.112893812091484
71039	0.126908351176699
71040	0.123807886475981
71041	0.109537940946325
71042	0.0907591944086251
71043	0.068152712661721
71044	0.0630890350839106
71045	0.0764482144782277
71046	0.0882537204939378
71047	0.0786613353647251
71048	0.0379592676763267
71049	-0.0128293613460196
71050	-0.0481241807409422
71051	-0.0828454215742297
71052	-0.161367645723845
71053	-0.266982641422869
71054	-0.329101762110978
71055	-0.322325945886175
71056	-0.269829554954468
71057	-0.178895818258853
71058	-0.058561309623375
71059	0.0578330214053488
71060	0.132420453284479
71061	0.163950990505272
71062	0.191097693972859
71063	0.233564357122936
71064	0.245909263741973
71065	0.206766664128779
71066	0.153547404294441
71067	0.113638688304509
71068	0.0559766144093654
71069	-0.0215627217637894
71070	-0.0786796721915015
71071	-0.105853373930041
71072	-0.132888839837371
71073	-0.173989248269342
71074	-0.216503703940574
71075	-0.246248795273439
71076	-0.254500542117292
71077	-0.238300991520535
71078	-0.195282609073795
71079	-0.133652781425808
71080	-0.0603784588605654
71081	0.0154637780374157
71082	0.0896302864494578
71083	0.157277717529701
71084	0.20497543541041
71085	0.213761257423437
71086	0.182742123577241
71087	0.129806553064093
71088	0.0824636055606885
71089	0.0499973282614687
71090	0.0346775990163231
71091	0.0331339822979379
71092	0.0248881275200619
71093	-0.0125950917437905
71094	-0.0446810380438691
71095	-0.0353884691516095
71096	-0.0102154657127572
71097	-0.00980218007744437
71098	-0.0151839036061428
71099	0.00722899294858557
71100	0.0396110982790022
71101	0.0543705287233839
71102	0.0694933119733481
71103	0.108122604380499
71104	0.139809916373379
71105	0.133381113313318
71106	0.103949081700687
71107	0.0823220654526164
71108	0.0627248939840512
71109	0.0234205455328619
71110	-0.0320218419968908
71111	-0.0744586730307336
71112	-0.0884478876816739
71113	-0.0920698249709122
71114	-0.121896981041907
71115	-0.193425823291039
71116	-0.252865851271814
71117	-0.24198492128946
71118	-0.189223779002049
71119	-0.13438956318981
71120	-0.0626474236769404
71121	0.0352733524180168
71122	0.117225737138515
71123	0.170645566174449
71124	0.22990523618007
71125	0.285717181956113
71126	0.288649634128958
71127	0.231037004936543
71128	0.146711804756272
71129	0.0550107438093953
71130	-0.0344789464268153
71131	-0.111293015772564
71132	-0.156393906680266
71133	-0.167332365464771
71134	-0.175764648809474
71135	-0.210020531031047
71136	-0.246480101801382
71137	-0.251959116876981
71138	-0.224849721143246
71139	-0.186055623887752
71140	-0.143620588468014
71141	-0.0884950851360107
71142	-0.0136244674017765
71143	0.0734310395413756
71144	0.156297899023821
71145	0.219060707528214
71146	0.238513410255984
71147	0.200661427083329
71148	0.130373946733586
71149	0.0639406826997801
71150	0.0155831437012481
71151	-0.012311533923734
71152	-0.0190117419933971
71153	-0.00603203583257893
71154	0.0232994867429303
71155	0.0667223796137639
71156	0.0931352856021682
71157	0.0720748175051391
71158	0.0217027285963284
71159	-0.0197765751375181
71160	-0.0556600338550673
71161	-0.0739239994632135
71162	-0.0484031779629741
71163	0.00810950692506224
71164	0.0463123085155891
71165	0.066047297729941
71166	0.102860633639298
71167	0.150790321352766
71168	0.15238814189362
71169	0.0943700079871446
71170	0.0192480708412084
71171	-0.041490906256265
71172	-0.0973918033893933
71173	-0.133444485281882
71174	-0.121357219639165
71175	-0.0737722566066175
71176	-0.0377104120456349
71177	-0.0274316497683662
71178	-0.0423951262982607
71179	-0.0772475688377626
71180	-0.107921791408649
71181	-0.100987591531049
71182	-0.0684582284298225
71183	-0.0232617917089314
71184	0.0369397001193848
71185	0.10438945023219
71186	0.168891272554177
71187	0.225433144008038
71188	0.253549000334659
71189	0.230959181464094
71190	0.148513951662141
71191	0.0257169316108245
71192	-0.0851298648359238
71193	-0.151944213936238
71194	-0.192784356365849
71195	-0.217612373735578
71196	-0.222487233490621
71197	-0.221893618031453
71198	-0.226017195995457
71199	-0.205840809971905
71200	-0.144923899336468
71201	-0.0835263497295453
71202	-0.0544673309078004
71203	-0.0306054891385153
71204	0.0210913456831151
71205	0.0866990259107221
71206	0.139987397029577
71207	0.167279586665064
71208	0.162686482808125
71209	0.128483377247605
71210	0.0734048047875466
71211	0.0205603646746137
71212	-0.00927462553251657
71213	-0.0209658722246705
71214	-0.0236057311278649
71215	-0.0108448095282519
71216	0.0161437563791538
71217	0.0541349768174756
71218	0.0930220467798261
71219	0.119001788086878
71220	0.120541569635698
71221	0.0906063725784019
71222	0.0268012752641475
71223	-0.0347346222792482
71224	-0.0434028463149383
71225	-0.00384330223568266
71226	0.0230760197866425
71227	0.00916335435632532
71228	-0.00471073184822363
71229	0.00565451048919881
71230	0.00389573207153554
71231	-0.026324842991786
71232	-0.0544071929340175
71233	-0.0617367949312241
71234	-0.0645040281101137
71235	-0.0736245002045003
71236	-0.0636092189986299
71237	-0.00913895223241049
71238	0.055273070648385
71239	0.0836379629309894
71240	0.0823367928571444
71241	0.0812341086359077
71242	0.0794850985263328
71243	0.0514206235500668
71244	0.0013351599863853
71245	-0.0305228723106637
71246	-0.0219715631520395
71247	0.000613994424781148
71248	0.0170673170613987
71249	0.0369196172663787
71250	0.0546843860854789
71251	0.0489456396058471
71252	0.0227110910280419
71253	-0.00463982050928803
71254	-0.0307191837438996
71255	-0.0627065260602635
71256	-0.0993162740028403
71257	-0.131073499341024
71258	-0.154189470951015
71259	-0.165358817030446
71260	-0.158409391753248
71261	-0.130312415260473
71262	-0.0882050877552888
71263	-0.0489649349929126
71264	-0.0261921254076616
71265	-0.00707003814166567
71266	0.0212398607988361
71267	0.0543601485966268
71268	0.0744382243241921
71269	0.0726386530535239
71270	0.0502856126235071
71271	0.0197124532981227
71272	-0.00498663291423496
71273	-0.0156526990074609
71274	-0.0121235805750366
71275	-0.00397439315121742
71276	0.00185744444135349
71277	0.0155139812502698
71278	0.0384798191804646
71279	0.0568622838750688
71280	0.066786820682644
71281	0.0796928472040219
71282	0.0874962384628346
71283	0.0809232170162841
71284	0.0751445776451466
71285	0.0962100768715053
71286	0.135795976064168
71287	0.141568569321882
71288	0.0850489633694802
71289	0.015976359160371
71290	-0.0418449219581513
71291	-0.122912483669502
71292	-0.207300779846185
71293	-0.233241078055199
71294	-0.212704068952913
71295	-0.190657504878958
71296	-0.145783352348299
71297	-0.0429356377825627
71298	0.0765749636198441
71299	0.147465407789006
71300	0.173992756263632
71301	0.180553983196412
71302	0.170660438894877
71303	0.149123364557303
71304	0.128119487935328
71305	0.116330235352429
71306	0.114223049614917
71307	0.104269367006801
71308	0.0809694255046256
71309	0.0593504017894036
71310	0.0198233231482393
71311	-0.0592541936117039
71312	-0.148309981447666
71313	-0.213131706312598
71314	-0.242753424401753
71315	-0.234212612624083
71316	-0.190809623905678
71317	-0.128440168508785
71318	-0.0654496483189508
71319	-0.00424415019103823
71320	0.0664917139385532
71321	0.137283754715735
71322	0.161391103291897
71323	0.111770293811961
71324	0.0287372952791127
71325	-0.0258591348834255
71326	-0.0573141023384584
71327	-0.0979810419834941
71328	-0.127857694350121
71329	-0.111890881834532
71330	-0.0789588736528341
71331	-0.0694475573670002
71332	-0.0603077685733347
71333	-0.0329034663615296
71334	-0.0172738365227045
71335	-0.022766823118008
71336	-0.026729311589804
71337	-0.0172832722921352
71338	0.00693963328230312
71339	0.0414602341983823
71340	0.0802263627949663
71341	0.110479584125894
71342	0.114173219708241
71343	0.0990891142486315
71344	0.0948954596888298
71345	0.0985497386560644
71346	0.0825036247146732
71347	0.0470433300640443
71348	0.020657311067446
71349	0.0171717346752902
71350	0.0215164954042307
71351	0.0124497510802476
71352	-0.00435123574365426
71353	-0.00529570700368008
71354	-0.000806659843944372
71355	-0.0503642315904894
71356	-0.144785477850676
71357	-0.182226546288125
71358	-0.145582551434271
71359	-0.120011539261781
71360	-0.103650351317889
71361	-0.0330876137848518
71362	0.0724158356616023
71363	0.146798938703151
71364	0.177472544439224
71365	0.189748055809005
71366	0.191298768457735
71367	0.17464062319862
71368	0.142837800843608
71369	0.105588981645907
71370	0.0752928480067671
71371	0.0552316822389985
71372	0.0383350099320425
71373	0.00812195450160088
71374	-0.0312177522921135
71375	-0.0526697955913824
71376	-0.0691783548543421
71377	-0.132134392714907
71378	-0.22167918263134
71379	-0.254953052165958
71380	-0.236262522755513
71381	-0.216893196672159
71382	-0.155243373659322
71383	-0.0248953277035798
71384	0.105064448830652
71385	0.191321375982031
71386	0.25400860668966
71387	0.282832928798176
71388	0.237526892071566
71389	0.122638152670062
71390	-0.00616572527781273
71391	-0.113716517094429
71392	-0.201814294933011
71393	-0.25367723093542
71394	-0.248752543705517
71395	-0.216587120173133
71396	-0.182866368179411
71397	-0.133745331076505
71398	-0.0734917946420729
71399	-0.0172535268175838
71400	0.0288870275634127
71401	0.0590295736246621
71402	0.078285782062135
71403	0.0974877217390533
71404	0.120483523451218
71405	0.147274345115599
71406	0.167077151172643
71407	0.16056539570515
71408	0.120578002102022
71409	0.0595033725984007
71410	0.00417134751083555
71411	-0.0337340564214062
71412	-0.0747310890939074
71413	-0.121005691324122
71414	-0.145976294350662
71415	-0.140830075266425
71416	-0.103915586875715
71417	-0.0487920542279856
71418	-0.0170420548403573
71419	-0.00181488558250567
71420	0.038970926808437
71421	0.093818930769037
71422	0.122927222897486
71423	0.131799868571725
71424	0.137789382890448
71425	0.11157741849794
71426	0.047165935390535
71427	0.0129622644231952
71428	0.0354580233945894
71429	0.0506629765616048
71430	0.0236001909894842
71431	-0.0230335844168526
71432	-0.0574163357305839
71433	-0.0673641618995827
71434	-0.0517922311285339
71435	-0.0306185456860056
71436	-0.0119431151253385
71437	0.00691391482519164
71438	0.0304671803454155
71439	0.0701616073283835
71440	0.118453289420507
71441	0.138827431730571
71442	0.0946367358359988
71443	-0.00271215089178171
71444	-0.0766069590272633
71445	-0.0830740727075233
71446	-0.0677515546360901
71447	-0.0782585280567944
71448	-0.0918409167592184
71449	-0.0712029722511436
71450	-0.027732109669284
71451	0.0169949346436924
71452	0.0686106682241505
71453	0.0959717738550317
71454	0.0607442658434373
71455	-0.0169377262676682
71456	-0.0841292384148233
71457	-0.120946194975379
71458	-0.133354056058422
71459	-0.127090346762524
71460	-0.10590853308616
71461	-0.0765538092405947
71462	-0.0452189088539659
71463	-0.00741823579164998
71464	0.0409647067040097
71465	0.0682483421622674
71466	0.0563458501638723
71467	0.0310130777106105
71468	0.0172437407435982
71469	0.00340687098902925
71470	-0.0131316623498322
71471	-0.0172923536482694
71472	0.00233230535152096
71473	0.0285167750951046
71474	0.0385014480178538
71475	0.0332872720854436
71476	0.0321120445836157
71477	0.0216031366307109
71478	-0.0216674397349695
71479	-0.0815378481060564
71480	-0.116976042301652
71481	-0.127924716765297
71482	-0.122430776936372
71483	-0.0853414289551192
71484	-0.0071869045380436
71485	0.0687290983151977
71486	0.0928482072609573
71487	0.10206501721765
71488	0.144075741139713
71489	0.166531814079768
71490	0.13030822716223
71491	0.0918429685356653
71492	0.0918051265283706
71493	0.0867361387078358
71494	0.0621440950129229
71495	0.064033481040586
71496	0.057603765075879
71497	-0.0394228653995192
71498	-0.159985853701852
71499	-0.184477468845786
71500	-0.162434149491035
71501	-0.1502669926355
71502	-0.117460953677715
71503	-0.0483203053423665
71504	0.0220377843958216
71505	0.0824891041084639
71506	0.15565574878367
71507	0.22086358123523
71508	0.232194135454625
71509	0.181296029701014
71510	0.0979103992379347
71511	0.00854409404490617
71512	-0.0609856437757893
71513	-0.0795528316775615
71514	-0.0693637388911761
71515	-0.0565195566287278
71516	-0.0233747346585517
71517	0.0266592470721759
71518	0.031171932334
71519	-0.0527170412760651
71520	-0.140608893884605
71521	-0.152556015366888
71522	-0.159698483049792
71523	-0.176585914309948
71524	-0.127821888535807
71525	-0.0253852881946621
71526	0.053568358741027
71527	0.102233117508256
71528	0.164811162087887
71529	0.209961496914322
71530	0.179307938839157
71531	0.093270838029741
71532	-0.00329628494580791
71533	-0.0824050029884708
71534	-0.139343651846418
71535	-0.166825778902699
71536	-0.15173039682002
71537	-0.113805577442382
71538	-0.0855667326102674
71539	-0.0670180923885673
71540	-0.0408162278126059
71541	-0.0143145135559473
71542	-0.00443596925060203
71543	-0.00556301882300176
71544	8.28745370490261e-05
71545	0.0186026098709258
71546	0.0349977785801929
71547	0.0480968026321728
71548	0.0698929507253921
71549	0.0809043557252664
71550	0.0579587788185092
71551	0.0227897340092479
71552	0.00304218414026451
71553	-0.00165168094215791
71554	-0.00675280576874159
71555	-0.00978104306086228
71556	0.00533926547454958
71557	0.0291505843480136
71558	0.0380557398805487
71559	0.0257431803200679
71560	-0.00250498420121344
71561	-0.0216713647362354
71562	-0.014736168486171
71563	-0.0153962823946584
71564	-0.0183834066422585
71565	0.0124921751043312
71566	0.0690966238800396
71567	0.111375900253061
71568	0.125283614231746
71569	0.124411190055327
71570	0.0955824140873068
71571	0.0146582331623053
71572	-0.0745951893953293
71573	-0.111195428508415
71574	-0.106373800328697
71575	-0.0785095214113925
71576	-0.0350105911345084
71577	0.0182782789057413
71578	0.0734879679020407
71579	0.115067555050093
71580	0.133158857994545
71581	0.108448569516082
71582	0.0396504521289742
71583	-0.0547530629229327
71584	-0.117461758950233
71585	-0.120979845225198
71586	-0.106211468518578
71587	-0.0759987108287384
71588	-0.0181043868233297
71589	0.0547739511453105
71590	0.0993535907682947
71591	0.116980756582709
71592	0.12303369081839
71593	0.0750814879789996
71594	-0.0154511877790802
71595	-0.0746106019853255
71596	-0.109877241021267
71597	-0.140670062755789
71598	-0.136961158649721
71599	-0.0893393597235183
71600	-0.0316693196365598
71601	-0.00310371742989093
71602	0.00765251663879392
71603	0.0118059236340201
71604	0.000156535434274695
71605	-0.0223044059184952
71606	-0.045837344282642
71607	-0.0545337371072362
71608	-0.0578716445752853
71609	-0.0622172344536882
71610	-0.0462836887366785
71611	0.00243625979701432
71612	0.0558110930731036
71613	0.0709357394692983
71614	0.0522724466657487
71615	0.0335531976424237
71616	0.0137344808433204
71617	-0.0103856625699926
71618	-0.0135509741337397
71619	0.00760240672803062
71620	0.028952801101646
71621	0.0250602167587273
71622	0.00133779253618558
71623	-0.0196692339278539
71624	-0.0294963941116856
71625	-0.0248937627507761
71626	-0.0258953026809687
71627	-0.0556096806183587
71628	-0.079699769601507
71629	-0.0392320010642034
71630	0.0279238827921395
71631	0.0672885963069579
71632	0.0886752225957224
71633	0.113982876604591
71634	0.103286484906387
71635	0.0414190423025344
71636	0.00195600643213076
71637	0.01997901175541
71638	0.0406318122092729
71639	0.0145721271972159
71640	-0.0202708322146241
71641	-0.0168871865105159
71642	0.0115931871458141
71643	0.0541953447809139
71644	0.0914090003157513
71645	0.0930055239722555
71646	0.0559311091260425
71647	-0.0117608260032118
71648	-0.0813498488108271
71649	-0.100238298599051
71650	-0.0720088043201336
71651	-0.0488523137979884
71652	-0.046346551912136
71653	-0.0240916561285634
71654	0.0463350676688973
71655	0.109318558886534
71656	0.115638146996818
71657	0.092067116664149
71658	0.0687606532046864
71659	0.0216383377780945
71660	-0.0432209619665283
71661	-0.06363428913311
71662	-0.037609178073893
71663	-0.0172205660336479
71664	-0.0210188133641405
71665	-0.0184447905911261
71666	0.00201360160494214
71667	0.00497548909898447
71668	-0.018577338940721
71669	-0.05933877228361
71670	-0.103442857359881
71671	-0.123011667889565
71672	-0.116159010189602
71673	-0.103222967452793
71674	-0.064515480969012
71675	0.00563333137928218
71676	0.0549898518680239
71677	0.0665671809874011
71678	0.0848660564818614
71679	0.110481929933769
71680	0.0819474121069438
71681	0.00508675177422689
71682	-0.0468622749836133
71683	-0.0563107394757304
71684	-0.0595857206830836
71685	-0.0532377490494045
71686	-0.0239426126969475
71687	-0.0143339749566709
71688	-0.0410244325807465
71689	-0.0579480175038803
71690	-0.0452545139431484
71691	-0.0244327333531295
71692	-0.011574605073855
71693	-0.0136831375911021
71694	-0.0209819774783273
71695	-0.0181999887449558
71696	0.0256800584206455
71697	0.0905589722185549
71698	0.126726793398747
71699	0.125080413887316
71700	0.0887147517225683
71701	0.0245512184282942
71702	-0.0279352230545693
71703	-0.0219489280058293
71704	-0.0107936703249586
71705	-0.0657384163319165
71706	-0.138114027864015
71707	-0.132222434749309
71708	-0.0727238701571028
71709	-0.0253980279663813
71710	0.0287699733322706
71711	0.0880481459075967
71712	0.101378803733761
71713	0.0651192568752913
71714	0.0414752873132614
71715	0.0683267743588048
71716	0.0990837153487896
71717	0.0786638820855839
71718	0.01428602435503
71719	-0.014076138507442
71720	0.00893794932502462
71721	0.0300611831152444
71722	0.048041801634486
71723	0.0751533181957174
71724	0.087157046441566
71725	0.0717652635609066
71726	0.0418031973778986
71727	-0.00449405194982538
71728	-0.0800075249082245
71729	-0.125349961995629
71730	-0.115615855555996
71731	-0.112549823486907
71732	-0.107480513834537
71733	-0.071757097132515
71734	-0.0427376177535254
71735	-0.00658010592793258
71736	0.0478551097724469
71737	0.0748928709134865
71738	0.0531424305794515
71739	0.0262520438240024
71740	0.0206206799341708
71741	0.0188367732624384
71742	0.0268898670998352
71743	0.0518198388011601
71744	0.0716209019153989
71745	0.0751820068790266
71746	0.0680506468097704
71747	0.0564163615170653
71748	0.0198435410117125
71749	-0.0608843468837975
71750	-0.150500637718416
71751	-0.191566874452141
71752	-0.190085754512027
71753	-0.174141893566347
71754	-0.130998574316388
71755	-0.0621974590341776
71756	-0.00257292308830055
71757	0.0501138944789703
71758	0.100711909502792
71759	0.127655187745211
71760	0.115421283116681
71761	0.0743641809075903
71762	0.0252380477003342
71763	0.00225671876432942
71764	0.008318800461109
71765	0.0188868818082327
71766	0.0285829548708589
71767	0.0296448321327292
71768	-0.00345300559618236
71769	-0.0582062484623196
71770	-0.0834990527140465
71771	-0.0896938566304559
71772	-0.113393617975032
71773	-0.125991349416988
71774	-0.0845098554897462
71775	-0.000110013907964994
71776	0.0722931151166382
71777	0.110240930339367
71778	0.121410686289303
71779	0.107598349972888
71780	0.0600644213300015
71781	-0.0143029988319902
71782	-0.0786752313587092
71783	-0.103128522923057
71784	-0.0938089810330942
71785	-0.0650889012700311
71786	-0.00723227856972894
71787	0.0719517630668444
71788	0.142031608207668
71789	0.179814602078275
71790	0.159751736658915
71791	0.0860533082484801
71792	0.00219505499041478
71793	-0.0494379674783951
71794	-0.0816603366150139
71795	-0.115170806410119
71796	-0.10683034559177
71797	-0.0298359536767733
71798	0.0573724493342311
71799	0.0980017499939239
71800	0.105816288745269
71801	0.0887900706896775
71802	0.015232908482133
71803	-0.0722155505914194
71804	-0.110517445985394
71805	-0.10715151019517
71806	-0.0816036000928437
71807	-0.0194820307044816
71808	0.0726102874967912
71809	0.157807208942545
71810	0.192145105844184
71811	0.152144609696497
71812	0.0695329641031359
71813	-0.0204563224031347
71814	-0.118097678992861
71815	-0.179156582349792
71816	-0.163927822229449
71817	-0.120073481712937
71818	-0.0781808702523208
71819	-0.0101740367587149
71820	0.0840342513177362
71821	0.142155172393329
71822	0.11976248514239
71823	0.0556412871281253
71824	0.00431730880432509
71825	-0.0359488561567413
71826	-0.0661385340293496
71827	-0.0631771841758847
71828	-0.0332712283295809
71829	-0.00792560161494488
71830	0.0223810475706356
71831	0.0577632799358447
71832	0.0642806073536385
71833	0.0251108321099168
71834	-0.0358019200347715
71835	-0.0747505104419634
71836	-0.0845552414347778
71837	-0.092986177369828
71838	-0.0978159037194324
71839	-0.0841026776285829
71840	-0.0416718161166545
71841	0.00999657575014382
71842	0.0458777315353699
71843	0.0726980425601759
71844	0.0800540784191701
71845	0.042498582430263
71846	-0.0169102041107033
71847	-0.0371621012369857
71848	-0.0282022030130192
71849	-0.0357948909634544
71850	-0.0457063680309987
71851	-0.0365339574021286
71852	-0.0158589289716772
71853	0.00544165958450892
71854	0.0308098924314907
71855	0.0631457142971295
71856	0.0720773518444736
71857	0.0304170693190029
71858	-0.0224853022433528
71859	-0.0310596276594655
71860	-0.00941109924984703
71861	0.00174169783195595
71862	-0.000628436904089383
71863	0.0124523843663824
71864	0.0489927203844481
71865	0.0814355769043807
71866	0.0989428074156041
71867	0.10384250551649
71868	0.0710453624331539
71869	0.00832885246440927
71870	-0.0494739992788404
71871	-0.104420127544068
71872	-0.137813816791836
71873	-0.119348553863124
71874	-0.0800864087287373
71875	-0.0527066099265374
71876	-0.0111049785651032
71877	0.0541624335232733
71878	0.0912261551279879
71879	0.0869555042249391
71880	0.0923339440168356
71881	0.0997549918900495
71882	0.0597917330478238
71883	0.00380735631066558
71884	0.00136907768367581
71885	0.0234543329691688
71886	0.0226377946675779
71887	0.0235504184236846
71888	0.0390892466787053
71889	0.0390407199405763
71890	0.0126114430230851
71891	-0.0142327763559933
71892	-0.0385243913663156
71893	-0.0612653397734064
71894	-0.0584813339065042
71895	-0.0358599873653046
71896	-0.0373413288313112
71897	-0.0509854964586915
71898	-0.0533521883147006
71899	-0.0617537645214029
71900	-0.0600016604023976
71901	-0.0219986651255498
71902	0.0114577360885686
71903	0.0228323627280262
71904	0.0319102578161432
71905	0.0444671209872074
71906	0.0524185231975846
71907	0.0538748591835307
71908	0.0456748533383656
71909	0.0155001118902745
71910	-0.0394287709168346
71911	-0.0803670507162084
71912	-0.0764689144588957
71913	-0.0560426396269954
71914	-0.0318759973270493
71915	0.00105546650970108
71916	0.031933553962208
71917	0.0511100722624109
71918	0.0538438936422637
71919	0.0513378648635126
71920	0.0364596010516825
71921	-0.0234823384705808
71922	-0.0965276153708551
71923	-0.126045025322833
71924	-0.124144618527945
71925	-0.115247634242569
71926	-0.0747635351287596
71927	-0.0122390912347749
71928	0.0298935532641616
71929	0.043630128652031
71930	0.058256380310289
71931	0.0796457138792624
71932	0.0774112852036226
71933	0.0401868881260297
71934	0.00975676608389144
71935	0.0149223458841479
71936	0.0160398748708129
71937	0.00141248236279349
71938	0.0183165285801666
71939	0.0580124496027707
71940	0.0639326079144131
71941	0.0337718374627411
71942	-0.00285515967945736
71943	-0.0175171900953975
71944	-0.0275730062616937
71945	-0.0616920619872976
71946	-0.0757196190424147
71947	-0.0384296152939245
71948	-0.00173584432978038
71949	0.0171472007167407
71950	0.0632894712605617
71951	0.121823872380862
71952	0.139976091420666
71953	0.117216372457576
71954	0.0736786641052793
71955	0.0403976889521587
71956	0.0223195829966848
71957	-0.00597784710721322
71958	-0.0495033277131747
71959	-0.0787310067374311
71960	-0.0601895400141753
71961	-0.026928065751964
71962	-0.0277119271300703
71963	-0.0350219154166082
71964	-0.0196471731158564
71965	-0.0106931126256222
71966	-0.0140900136194271
71967	-0.0133785354496515
71968	-0.0128894231774724
71969	-0.0388203824760003
71970	-0.0512487327911435
71971	-0.0199748053525685
71972	0.0105104477830991
71973	0.0104715358565766
71974	0.00933774287517904
71975	0.0143348680853668
71976	0.00580441089621566
71977	-0.00339214634678514
71978	0.00378518521592077
71979	0.00798114818015142
71980	-0.00860721765250936
71981	-0.0213401637649098
71982	-0.00338925190845047
71983	0.0109727628416249
71984	-0.0151333645656705
71985	-0.0379860334869015
71986	-0.0185187418966954
71987	-0.00510081997407183
71988	-0.0156888385215922
71989	-0.0321631631628243
71990	-0.0385672029139788
71991	-0.0310524938334275
71992	-0.0353930664602437
71993	-0.0359826325870166
71994	-0.00374021473144046
71995	0.0199558995450177
71996	0.0113494257121277
71997	0.0120304542330861
71998	0.0402361303109604
71999	0.0482534449759391
72000	0.0204746105730068
72001	-0.00492985473154824
